163976.333333342, 163403.333333341, 163835.333333342, 
163217.000000008, 163300.666666675, 163802.666666674, 
31587.4666666663, 154764.666666671, 163674.333333341, 164024.666666675, 163984.933333342, 
73711.1333333324, 9066.99999999999, 115751.999999996, 163837.666666675, 163404.933333342, 163397.933333341, 
162312.800000007, 31712.0666666663, 163522.066666674, 141030.799999999, 96668.9999999974, 99298.5333333308, 163838.666666675, 163397.000000008, 163762.333333342, 
163643.333333341, 163689.000000008, 163934.666666675, 
163491.000000008, 116340.933333329, 163461.266666674, 163365.800000008, 164821.666666674, 
164636.466666674, 163566.933333341, 163961.600000008, 
163848.666666675, 163265.600000008, 164232.600000008, 
163619.000000008, 163813.266666675, 64484.9999999997, 164088.666666675, 164099.333333341, 163124.000000008, 
162804.266666675, 164014.266666675, 164074.000000009, 
94853.3333333312, 163323.333333341, 163248.266666675, 164763.600000008, 
163805.333333341, 12174.4000000001, 2446.46666666666, 164498.000000008, 163894.600000008, 163892.600000008, 
163469.000000008, 72531.0666666658, 160331.13333334, 163642.266666674, 164183.666666675, 163480.600000008, 
163025.000000008, 163850.666666675, 163266.000000008, 
165120.933333341, 25332.0666666666, 163182.666666675, 71016.1999999991, 163805.933333342, 1358, 164202.000000008, 163425.333333341, 163047.666666675, 
163466.600000008, 164683.000000008, 163486.933333341, 
163546.333333341, 47218.4666666663, 127194.733333329, 164078.266666675, 163526.600000008, 163484.666666675, 
19066.3333333334, 162898.600000008, 163337.933333342, 163738.600000008, 
33921.8666666663, 164034.000000008, 164194.666666675, 60639.4666666661, 163649.266666674, 162877.333333342, 164174.266666675, 
81152.5999999986, 163641.266666675, 163927.000000008, 164616.933333342, 
53748.4666666663, 164328.600000008, 119593.799999996, 84062.7333333316, 163739.933333342, 163175.000000008, 60814.0666666659, 163700.000000008, 163586.000000008, 163957.266666676, 
163225.333333341, 10047.6666666667, 163425.666666674, 163367.600000008, 164061.333333341, 
162927.600000008, 164199.600000008, 163908.933333342, 
163100.600000008, 163269.600000008, 164028.533333342, 
163751.000000009, 105745.399999997, 139182.999999999, 163325.266666675, 163633.333333341, 163064.600000008, 
162792.666666675, 163874.333333341, 163463.266666674, 
164051.600000008, 163918.666666675, 163278.600000008, 
163508.333333341, 11321.1333333334, 163203.266666675, 164589.266666675, 163387.266666675, 
97163.866666664, 163610.933333342, 163757.600000009, 163410.666666675, 

