138.266666666666, 214, 194.666666666667, 2416.4, 163113.066666674, 163363.400000008, 163619.733333341, 
6621.99999999999, 33248.5333333331, 42856.9999999995, 164289.066666674, 164485.066666675, 164614.066666675, 
105.333333333333, 1089.6, 142.666666666667, 114.6, 238, 163209.066666674, 163689.400000008, 101654.93333333, 163436.400000008, 164743.333333341, 164170.733333341, 
175.266666666666, 225.333333333333, 54900.4666666661, 68295.9333333323, 164070.400000008, 164719.733333341, 145091.400000001, 164372.066666674, 164267.400000008, 163403.400000008, 
2385.4, 75978.8666666657, 44166.533333333, 130682.533333328, 163595.400000007, 163564.066666675, 33895.0666666663, 163321.733333341, 163458.400000007, 163489.066666675, 
64.6666666666667, 2385.93333333333, 14570.3333333334, 11154.8, 3442.13333333333, 164191.400000008, 163593.066666675, 163673.133333341, 
92.6666666666665, 178.6, 1197.93333333333, 1253.26666666667, 1196, 3409.06666666666, 15406.0666666668, 115762.399999997, 164217.733333341, 164118.000000008, 164461.066666675, 
2232.6, 4399.46666666666, 24189.3999999999, 50531.5333333329, 163768.400000007, 164120.333333341, 164339.066666675, 
1107.26666666667, 6535.33333333332, 7611.33333333332, 5611.06666666666, 26120.5333333332, 64322.333333333, 41458.733333333, 44547.5999999996, 126514.399999995, 67862.1999999995, 7873.19999999999, 19866.3333333333, 21178.8666666667, 109184.599999997, 91623.0666666647, 71090.4666666658, 7794.06666666665, 109158.999999997, 2449.93333333333, 13372.2000000001, 62498.1999999995, 115858.599999997, 56054.7333333328, 13369.7333333334, 16586.6666666668, 73511.9999999991, 59500.9333333327, 3566.73333333333, 20049.4666666667, 162860.666666675, 163945.933333341, 164285.200000008, 
144.6, 237.533333333333, 163907.933333341, 163559.533333341, 163370.133333341, 
173.933333333333, 39725.1999999996, 22075.9333333333, 106845.33333333, 164593.200000008, 163078.266666675, 163565.400000008, 
1250.53333333333, 4543.53333333333, 80911.5999999986, 163604.400000008, 24276.3333333332, 164888.066666675, 163611.066666675, 164834.733333341, 
213.933333333333, 19745.0666666667, 13296.0666666668, 163533.066666675, 163817.733333341, 164301.666666675, 
76.3333333333332, 4281.13333333333, 12230.1333333334, 6729.19999999998, 14117.9333333335, 6605.99999999998, 49745.9333333331, 163934.400000008, 162915.066666674, 163620.066666674, 
128, 54186.5999999995, 7885.53333333332, 163710.066666674, 71333.199999999, 164707.400000008, 164576.400000008, 102907.999999997, 164232.066666675, 164196.066666675, 23150.5999999999, 151743.000000003, 163866.733333342, 163477.400000008, 160856.400000007, 163585.400000008, 163443.066666674, 163528.066666674, 
3276.53333333333, 2211.46666666666, 19638.8666666667, 4526.19999999999, 3363.26666666666, 33146.4666666664, 26568.3333333332, 102751.266666664, 17724.4666666668, 163160.733333341, 76758.7333333323, 163136.400000008, 164440.066666674, 149539.733333336, 163810.733333341, 164084.733333342, 163997.066666675, 
42.6666666666668, 207.266666666667, 135.933333333333, 163, 207.266666666667, 136.666666666667, 167, 208.666666666666, 167, 157.333333333333, 131.666666666667, 191.333333333333, 156.6, 207.666666666666, 195.6, 125.333333333333, 216.933333333333, 205.933333333333, 130.333333333333, 130.666666666666, 153.666666666667, 128.266666666666, 138.933333333333, 129.266666666666, 165.333333333333, 155.666666666667, 1138.26666666667, 164, 223, 134.933333333333, 131.666666666667, 213.933333333333, 160.333333333333, 179.266666666667, 132, 167.6, 161, 134.266666666667, 182.333333333333, 1188.26666666667, 157.333333333333, 139, 1170.66666666667, 179, 131.666666666667, 192.266666666667, 227.2, 147.6, 128.933333333333, 133.666666666667, 222.6, 148.666666666667, 212.666666666667, 216.933333333333, 160.666666666667, 182.333333333333, 164.6, 134.666666666667, 179.333333333333, 131.266666666667, 138.333333333333, 154, 128.266666666666, 178.933333333333, 226.466666666667, 216.933333333333, 189, 220.733333333333, 1123.93333333333, 204.333333333333, 1154.93333333333, 133.666666666667, 199.6, 167.266666666667, 162, 20906.3333333333, 1268, 1292, 2358.2, 24234.5333333333, 2382.13333333333, 60136.8666666661, 56089.1999999994, 164033.533333341, 164518.066666674, 164380.733333342, 
115.933333333333, 144.333333333333, 2324.93333333333, 2247.6, 8908.33333333334, 77886.0666666655, 164029.400000008, 164085.066666674, 164295.333333341, 
131.4, 1134.93333333333, 16503.9333333335, 163930.400000008, 164385.000000008, 164536.066666674, 
86.6666666666666, 1117.53333333333, 1149.33333333333, 4360.46666666666, 163363.333333341, 163402.733333341, 163761.400000008, 

