7574.73333333331, 6554.39999999999, 2188.46666666666, 6533.39999999999, 19694.2, 21055.2666666667, 16625.5333333335, 144449.333333334, 109404.13333333, 50667.3999999996, 17821.5333333334, 164472.000000008, 164332.933333341, 164534.333333342, 
24119.7333333332, 67133.4666666661, 99255.3999999975, 41524.3999999996, 3511.4, 41950.5333333329, 49559.7999999996, 28707.8666666665, 126874.666666662, 71277.0666666658, 28675.7999999998, 6888.33333333332, 131453.599999996, 7945.13333333332, 102028.133333331, 121125.066666663, 35330.3999999997, 101012.866666664, 24482.9999999999, 40109.733333333, 35632.133333333, 82612.8666666653, 6786.46666666665, 22132.1333333333, 133995.466666664, 22277.4, 1324.13333333333, 163482.333333342, 163463.000000008, 163594.933333341, 
86.6, 1088.2, 1222.8, 235.066666666666, 228.733333333333, 161.066666666667, 137.733333333333, 247.466666666666, 213.066666666667, 140.733333333333, 1253.13333333333, 1174.06666666666, 151.4, 1203.06666666666, 1189.73333333333, 135.4, 1222.33333333333, 1203.4, 161.4, 202.066666666666, 1272.33333333333, 262.2, 154.066666666666, 139.733333333333, 223.4, 184.4, 6689.06666666665, 1229.8, 1232.4, 3403.46666666666, 3405.4, 8054.39999999999, 2416.73333333333, 3487, 18990.4000000001, 5836.53333333333, 7962.26666666665, 2498.73333333333, 1324.8, 7868.79999999998, 2409.4, 3567.13333333333, 4691.19999999999, 4546.39999999999, 3542.73333333333, 4745.66666666666, 1310.53333333333, 5709.33333333332, 12410.0666666667, 4634.2, 2440, 1333.8, 13528.4000000001, 2405.8, 24326.7999999999, 3542.46666666666, 20169.8000000001, 23348.7999999999, 62817.9999999993, 25573.3999999999, 27563.5999999998, 18793.8000000001, 13464.8666666668, 28984.0666666665, 36527.0666666663, 140032, 164784.666666675, 165038.666666675, 165115.933333343, 
85763.9333333316, 164543.666666675, 45034.5333333329, 162999.266666674, 163184.000000008, 165076.666666674, 
86320.4666666651, 164750.666666675, 165882.333333342, 90770.4666666647, 164134.333333342, 164391.600000009, 164746.333333341, 
2228.86666666666, 2249.73333333333, 1337.8, 5479.39999999999, 20519.1333333334, 1356.33333333333, 4647.73333333333, 163018.000000008, 163261.333333342, 163312.666666675, 
42002.1999999996, 164701.666666675, 164562.600000008, 164858.666666675, 
139.066666666667, 151.4, 142.733333333333, 173.4, 232.066666666666, 1155.06666666667, 137.733333333333, 138.733333333333, 137.066666666667, 2279.73333333333, 152.4, 186.733333333333, 145.733333333333, 226.066666666666, 140.066666666667, 140.066666666667, 178.733333333333, 1176.73333333333, 223.733333333333, 237.733333333333, 158.4, 1156.06666666667, 1149.73333333333, 1157.4, 149.733333333333, 1176.73333333333, 1159.73333333333, 139.733333333333, 4429.39999999999, 150.733333333333, 1198.8, 154.066666666667, 139.733333333333, 146.4, 136.733333333333, 231.733333333333, 214.066666666666, 142.066666666667, 175.733333333333, 151.4, 143.733333333333, 139.733333333333, 136.4, 139.733333333333, 140.066666666667, 184.733333333333, 1183.73333333333, 1198.4, 135.4, 194.733333333333, 2325.4, 1197.13333333333, 1186.73333333333, 145.733333333333, 193.066666666667, 180.733333333333, 1156.73333333333, 165.4, 1190.73333333333, 165.733333333333, 136.066666666667, 1160.73333333333, 3360.73333333333, 1255.06666666666, 1256.06666666666, 1254.4, 1252.4, 1262.73333333333, 1172.73333333333, 138.4, 158.4, 1173.4, 1196.73333333333, 143.733333333333, 1261.4, 165.4, 147.4, 150.733333333333, 168.733333333333, 2230.4, 168.733333333333, 1158.73333333333, 143.733333333333, 2262.4, 157.4, 150.4, 147.066666666667, 6641.06666666665, 160.066666666667, 172.733333333333, 170.733333333333, 1220.53333333333, 174.866666666667, 4527.8, 190.066666666667, 1287.4, 3402.53333333333, 3490.4, 2371.8, 3399.73333333333, 4470.46666666666, 15390.0000000002, 2328.86666666666, 4525.99999999999, 6692.06666666665, 211.533333333333, 4470.93333333333, 5592.2, 1255.4, 2339.06666666666, 6629.33333333332, 4397.4, 1237.06666666667, 4479.93333333333, 1272.4, 2355.53333333333, 3254.06666666666, 6706.93333333332, 2294.2, 3410.46666666666, 5593.19999999999, 1251.73333333333, 194.933333333333, 7774.79999999998, 13294.0666666668, 
141.533333333333, 1185.06666666667, 2394.73333333333, 3471.53333333333, 1321.8, 1302.06666666667, 1296.4, 1339.13333333333, 1333.06666666666, 2376.2, 72283.4666666659, 67675.7333333328, 81043.4666666652, 130255.466666662, 164169.000000008, 164144.000000009, 156471.000000005, 163919.666666675, 162113.066666675, 163590.266666675, 163671.000000008, 163568.333333341, 
60.7333333333335, 42768.3333333329, 135614.733333331, 39686.4666666662, 6820.53333333332, 163553.333333341, 164523.000000009, 153279.533333338, 164517.666666675, 76198.3999999988, 164832.000000008, 165176.000000008, 164874.333333341, 
15395.4666666668, 2312.33333333333, 59219.6666666661, 115443.53333333, 136036.666666665, 105177.73333333, 57384.5333333329, 14519.6666666668, 29549.733333333, 86707.7333333316, 128929.199999995, 144190.066666667, 163709.666666675, 54950.8666666663, 162990.666666675, 115732.73333333, 164460.600000008, 22227.2666666667, 53180.9999999995, 34289.3999999997, 73337.5999999989, 54583.3999999997, 163798.333333342, 6773.39999999999, 23151.5333333333, 47042.533333333, 140354.733333332, 102274.599999997, 133003.466666663, 163234.266666675, 52050.5333333328, 163675.000000008, 163905.333333341, 160506.200000007, 164474.666666675, 52462.1333333329, 10080.8666666667, 40736.3999999996, 52786.7333333329, 64862.0666666662, 55976.9333333329, 34959.1999999996, 65929.4666666662, 163870.666666675, 163826.333333342, 138082.666666665, 87547.8666666646, 102764.266666665, 147497.400000002, 153415.000000005, 11156.8000000001, 154621.333333338, 163523.333333341, 94647.7999999979, 71376.6666666659, 135361.73333333, 118229.466666663, 163575.333333341, 13396.4666666668, 163469.600000008, 138944.733333332, 163959.666666675, 164269.333333342, 164221.000000008, 
65087.4666666661, 5726.46666666666, 14347.7333333335, 20003.8666666667, 15602.6000000001, 9082.8, 21190.8, 7936.19999999998, 6562.06666666665, 37719.8666666664, 35566.5999999997, 163072.266666675, 163184.333333342, 163744.333333341, 
33642.4666666663, 3506.06666666666, 61832.3999999996, 78935.4666666653, 97528.8666666642, 164885.000000009, 132502.466666663, 139441.733333332, 75264.0666666656, 143215.466666667, 163754.000000008, 164114.333333341, 101950.199999997, 163690.333333341, 164017.666666675, 150877.333333337, 13248.4000000001, 164059.666666675, 69360.5999999992, 164868.333333341, 165034.000000008, 92319.1999999981, 163695.666666674, 165106.666666675, 103585.666666664, 164769.666666675, 124353.33333333, 108849.866666664, 65250.7999999993, 1326.13333333333, 165316.333333342, 165049.333333342, 33189.0666666663, 165319.333333342, 163978.266666676, 164404.000000008, 
2378.8, 3435.4, 3480.46666666667, 11090.4, 1256.06666666667, 15357.8000000002, 3568.73333333333, 5773.13333333332, 4607.8, 12263.0666666668, 52782.1333333329, 19835.0666666667, 13464.4666666668, 74577.799999999, 70144.3999999991, 32017.7999999997, 30764.7999999997, 12262.4000000001, 16721.1333333335, 12351.4666666667, 17750.4000000001, 41016.3999999996, 43847.533333333, 15580.0666666668, 49567.3999999995, 10058.6, 78876.1999999988, 4567.33333333333, 34168.533333333, 15622.7333333335, 16755.7333333335, 30036.3999999997, 2409.06666666667, 39666.3999999996, 20067.4666666667, 2454.66666666667, 27664.9333333331, 8997.73333333334, 14633.2000000001, 13290.8666666668, 34305.7999999997, 15370.1333333335, 30974.5999999998, 74503.3999999991, 28721.7333333331, 50603.733333333, 43042.4666666664, 6723.13333333332, 56192.4666666662, 31924.7999999997, 44024.5999999997, 1319.33333333333, 50855.7999999994, 56406.9999999995, 3565.6, 28901.3999999998, 12446.2000000001, 51966.3999999995, 18007.4000000001, 56307.5333333328, 5646.33333333332, 14529.0666666668, 27822.4666666665, 10157.2, 164401.333333341, 163717.000000008, 165958.666666676, 
206.066666666667, 12401.0666666667, 76849.4666666655, 104313.733333331, 164356.000000008, 102525.399999997, 164710.333333342, 164704.600000009, 164609.000000009, 
178.733333333333, 145.4, 2263.73333333333, 170.066666666667, 2304.06666666666, 132.066666666667, 2279.4, 3335.73333333333, 157.4, 171.066666666667, 1195.2, 9983.4666666667, 173.066666666667, 6652.06666666665, 163.4, 1230.8, 2295.73333333333, 1235.06666666667, 2283.4, 156.066666666667, 1287.06666666667, 3348.4, 18692.1333333334, 9907.20000000004, 143921.066666667, 164921.666666675, 47468.3999999995, 68239.1333333326, 30901.4666666664, 164491.333333342, 77847.1333333322, 49075.4666666662, 39579.0666666663, 87909.666666665, 138246.866666666, 18673.9333333334, 133111.999999997, 46097.7999999996, 200.933333333333, 5648.06666666666, 19939.3333333334, 70101.7999999991, 188.066666666667, 12163.1333333334, 29563.7333333331, 23249.5333333333, 20910.4, 56173.7333333328, 10991.8000000001, 27559.7333333331, 62230.3999999995, 25378.0666666666, 164163.666666675, 54668.4666666663, 4461.86666666666, 144967.400000002, 48250.0666666662, 36319.133333333, 11045.6666666667, 16497.8000000001, 5675.06666666665, 65619.466666666, 193.6, 28574.7999999998, 24225.1333333332, 4490.06666666666, 2478.46666666666, 10131.8666666667, 10102.4666666667, 14556.8666666668, 66360.5333333328, 26448.8666666665, 22216.8, 2430.13333333333, 2457.33333333333, 14573.7333333335, 129679.13333333, 59639.7999999994, 129778.266666663, 79636.133333332, 135315.999999997, 91598.7333333319, 53025.6666666662, 56159.0666666662, 165046.666666676, 146370.466666668, 73978.999999999, 165059.666666675, 152651.800000004, 74871.7333333322, 158732.066666673, 50522.7333333328, 64820.7333333327, 41754.0666666662, 91340.3333333315, 51047.7999999996, 46511.333333333, 120092.33333333, 83427.9999999984, 165149.266666675, 165219.000000008, 165410.666666675, 
125.4, 26465.0666666665, 9813.06666666668, 3361.2, 164477.666666675, 56121.0666666662, 163251.600000008, 164388.333333342, 165342.666666675, 
55.0666666666667, 163332.000000008, 163949.933333342, 130699.066666662, 164420.666666675, 163912.666666675, 163982.333333342, 
110.4, 178.133333333333, 14442.9333333335, 4650.33333333333, 2398.8, 13414.2666666668, 255.066666666667, 5629.33333333333, 6541.06666666665, 3372.06666666666, 17957.0666666668, 1328.8, 63834.7333333327, 16645.2000000001, 9102.20000000001, 31044.1999999997, 163318.600000008, 163560.333333342, 163530.333333341, 
228.533333333333, 142.066666666666, 136.4, 1147.06666666666, 176.733333333333, 140.066666666667, 2258.13333333333, 210.733333333333, 1161.4, 2342.73333333333, 1219.73333333333, 1259.06666666666, 1345.4, 3487.73333333333, 130.733333333333, 152.066666666666, 2295.8, 1265.4, 133.4, 3615.33333333333, 1334.4, 144.066666666667, 3493.53333333333, 2448.39999999999, 2350.06666666667, 3430.73333333333, 1279, 3398.73333333333, 4647.59999999999, 2418.8, 3490.06666666666, 5787.13333333332, 2406.46666666666, 1323.73333333333, 3469.4, 3573.73333333333, 2453.73333333333, 6842.86666666665, 1346.13333333333, 1268.06666666667, 3531.8, 2396.4, 3600, 4643.46666666666, 2505.06666666666, 1326.4, 2457, 1271.33333333333, 3509, 9087.13333333332, 3573.13333333333, 3503.8, 3570.46666666667, 2339.06666666666, 4580.46666666666, 2405.4, 6873.06666666665, 9070.8, 6796.46666666665, 4642.99999999999, 9104.86666666667, 6756.66666666666, 3506.06666666666, 7812.13333333331, 11315.8666666667, 10088.5333333334, 47521.5999999995, 29811.0666666664, 27715.9999999998, 35382.6666666663, 39745.1333333329, 36563.133333333, 36201.533333333, 28880.0666666665, 46245.1999999996, 17863.3333333334, 55347.1333333327, 44311.6666666662, 18974.6666666667, 34344.3333333329, 6919.59999999999, 45347.3333333328, 56328.5999999994, 13460.6000000001, 29884.8666666664, 21251.6, 17639.4666666668, 38750.4666666663, 7884.73333333331, 27676.3333333331, 33237.733333333, 44198.5333333328, 21097.8, 40906.8666666663, 14632.9333333335, 41022.7999999996, 12329.3333333334, 53243.7999999994, 24469.0666666666, 27609.1333333331, 42974.6666666662, 3590.93333333333, 15586.4000000002, 11248.4, 5678.06666666666, 6897.66666666665, 17826.0666666668, 17718.0666666668, 33169.733333333, 24454.5999999999, 57517.1999999995, 49764.4666666662, 27689.5333333331, 47681.4666666663, 47535.5333333329, 35366.4666666663, 49743.2666666662, 29906.8666666664, 12397.7333333334, 41834.5999999996, 57367.9333333329, 7906.79999999998, 30814.3999999997, 123580.199999997, 59559.1999999995, 

