196, 2295.46666666666, 18424.4000000001, 117875.33333333, 71117.3999999992, 89915.3999999982, 36817.8666666664, 164008.666666675, 164137.266666675, 88832.7999999984, 163156.333333341, 138763.799999998, 164174.666666675, 164254.666666675, 164428.000000008, 
156.733333333333, 182.066666666667, 193.4, 137.733333333333, 1156.73333333333, 1200.06666666666, 1189.4, 132.4, 1152.06666666667, 168.066666666667, 137.066666666667, 137.4, 1273.06666666667, 2249.73333333333, 191.466666666667, 3493.2, 5586.06666666666, 6572.93333333333, 197.466666666667, 3523.93333333333, 203.733333333333, 5633.39999999999, 2373.4, 3519.4, 3432.33333333333, 2426.4, 4618.33333333333, 3453.46666666666, 11081.8666666667, 5659.13333333332, 3390.53333333333, 18823.7333333334, 34128.133333333, 165160.666666675, 116573.399999997, 77278.1333333321, 104428.799999997, 165222.666666675, 164678.666666675, 164882.333333342, 
214.733333333333, 4511.39999999999, 163758.933333342, 163760.000000008, 163233.333333341, 
139.066666666667, 1155.33333333333, 39801.2666666663, 126728.066666663, 29747.3999999998, 140834.866666666, 163390.333333342, 52929.0666666661, 163265.933333342, 163375.666666675, 73449.6666666656, 40777.7333333329, 164424.666666675, 164072.333333341, 164206.666666675, 
1199.2, 141.066666666666, 172.066666666666, 1199.4, 5602.39999999999, 2387.73333333333, 152.066666666667, 1211.46666666666, 163888.600000008, 163859.666666675, 61209.3999999996, 164349.333333341, 1280.4, 7792.93333333331, 123336.599999996, 164674.666666675, 164582.333333342, 164523.333333342, 
139.066666666667, 156.733333333333, 241.4, 176.4, 147.4, 176.733333333333, 141.4, 144.733333333333, 185.066666666667, 1212.13333333333, 137.733333333333, 148.733333333333, 146.4, 136.4, 1174.33333333333, 2218.06666666667, 180.4, 237.4, 152.4, 136.4, 239.266666666667, 140.4, 165.4, 142.066666666667, 186.066666666667, 1212.4, 136.4, 209.733333333333, 162.4, 162.4, 1194.73333333333, 1160.06666666667, 141.4, 1155.4, 136.4, 237.066666666667, 144.733333333333, 224.4, 1218.06666666666, 146.066666666667, 227.4, 1190.4, 165.066666666667, 138.4, 226.066666666666, 136.4, 136.4, 217.066666666666, 217.066666666666, 151.4, 136.733333333333, 142.066666666667, 1228.8, 2301.06666666666, 151.733333333333, 151.4, 151.733333333333, 136.733333333333, 1127.06666666666, 165.066666666667, 185.066666666667, 1181.46666666667, 1201.8, 217.4, 1256.4, 23258.2666666666, 6679.53333333332, 79885.733333332, 163618.666666675, 164009.000000008, 164994.000000008, 
153.066666666667, 175.733333333333, 201.6, 2411.8, 1322.6, 8979.26666666667, 163783.000000008, 164524.266666675, 165834.333333341, 
2228.86666666666, 244.4, 115516.399999997, 163261.333333342, 164154.666666675, 164488.666666675, 
169.066666666667, 19767.4, 22107.4666666666, 163763.000000008, 164193.600000008, 163731.666666675, 
135.6, 269.266666666666, 146.133333333333, 164439.000000008, 165068.333333342, 164874.000000008, 
1178.4, 4500.46666666666, 100618.733333331, 165724.333333342, 166189.933333342, 165089.000000008, 
34.8, 152.733333333333, 130.733333333333, 134.066666666667, 133.4, 141.4, 132.733333333333, 200.066666666666, 158.066666666667, 138.066666666667, 141.4, 176.733333333333, 134.066666666667, 200.066666666666, 208.733333333333, 134.733333333333, 141.4, 134.066666666667, 159.733333333333, 207.733333333333, 145.733333333333, 134.733333333333, 210.4, 153.066666666667, 156.4, 211.4, 208.066666666666, 208.4, 173.733333333333, 149.4, 197.066666666667, 194.4, 193.4, 146.066666666667, 148.733333333333, 132.733333333333, 153.066666666667, 174.4, 138.733333333333, 208.4, 1131.4, 196.733333333333, 132.733333333333, 145.4, 197.066666666667, 142.066666666667, 170.733333333333, 133.4, 210.066666666667, 132.733333333333, 199.066666666666, 138.733333333333, 198.733333333333, 133.4, 132.4, 204.4, 134.733333333333, 174.4, 153.733333333333, 197.066666666667, 148.066666666667, 149.066666666667, 148.733333333333, 153.4, 196.4, 133.4, 176.4, 132.4, 193.066666666666, 1134.06666666667, 1129.73333333333, 132.733333333333, 199.4, 196.733333333333, 153.733333333333, 159.733333333333, 142.733333333333, 153.066666666667, 150.066666666667, 142.733333333333, 134.066666666667, 189.066666666667, 201.066666666667, 213.066666666667, 153.066666666667, 170.733333333333, 187.733333333333, 134.733333333333, 162.733333333333, 138.066666666667, 152.4, 1102.73333333333, 189.733333333333, 134.733333333333, 189.4, 205.066666666666, 138.733333333333, 202.733333333333, 149.4, 132.4, 141.733333333333, 134.733333333333, 189.733333333333, 191.733333333333, 134.066666666667, 174.4, 134.066666666667, 194.733333333333, 159.4, 149.4, 163.066666666667, 2210.4, 190.066666666667, 200.733333333333, 138.733333333333, 163.066666666667, 134.733333333333, 132.733333333333, 153.733333333333, 134.066666666667, 146.066666666667, 134.733333333333, 149.4, 163.066666666667, 134.066666666667, 
140.733333333333, 181.066666666667, 176.866666666667, 144.733333333333, 183.4, 156.066666666667, 155.4, 180.733333333333, 170.466666666667, 179.066666666667, 174.066666666667, 187.4, 198.733333333333, 5520.19999999999, 164891.333333342, 164548.666666675, 104193.533333331, 137420.466666665, 164800.333333342, 164907.000000008, 164856.666666675, 
143.4, 4529.79999999999, 186.066666666667, 6664.19999999998, 7778.39999999999, 9972.40000000002, 10941.0666666667, 4513.06666666666, 155.8, 15345.5333333335, 123740.399999997, 165486.000000008, 164440.266666675, 164493.333333341, 
181.466666666667, 142.733333333333, 150.733333333333, 147.4, 147.4, 168.066666666667, 168.066666666667, 149.733333333333, 2197.73333333333, 161.066666666667, 137.066666666667, 158.066666666667, 145.066666666667, 137.066666666667, 1141.73333333333, 217.4, 2250.73333333333, 134.733333333333, 2266.86666666666, 131.733333333333, 1157.4, 1166.73333333333, 215.066666666666, 2259.06666666666, 150.733333333333, 1145.73333333333, 1147.06666666667, 147.733333333333, 144.4, 161.4, 151.733333333333, 161.4, 139.4, 143.066666666667, 208.4, 137.4, 171.066666666667, 213.733333333333, 143.4, 158.4, 135.066666666667, 161.066666666667, 183.066666666667, 213.066666666667, 2303.4, 2275.4, 161.066666666667, 162.066666666667, 143.066666666667, 192.066666666667, 167.733333333333, 1228.73333333333, 144.066666666667, 1149.06666666667, 161.733333333333, 211.733333333333, 164.4, 164.733333333333, 175.733333333333, 235.4, 161.733333333333, 144.4, 234.4, 235.4, 175.733333333333, 136.733333333333, 135.066666666667, 1210.06666666667, 237.066666666667, 165.4, 210.733333333333, 220.4, 142.733333333333, 182.733333333333, 179.066666666667, 1128.4, 168.066666666667, 138.4, 160.066666666667, 132.4, 134.066666666667, 147.066666666667, 159.733333333333, 159.066666666667, 189.4, 225.066666666667, 214.066666666666, 134.733333333333, 134.066666666667, 134.066666666667, 161.733333333333, 175.733333333333, 194.733333333333, 137.066666666667, 1141.4, 141.733333333333, 139.066666666667, 226.066666666666, 161.733333333333, 134.733333333333, 232.733333333333, 210.733333333333, 164.4, 134.066666666667, 205.4, 2259.4, 136.733333333333, 1129.06666666667, 1155.4, 1173.73333333333, 151.4, 1135.73333333333, 1200.26666666667, 134.733333333333, 143.066666666667, 151.733333333333, 215.4, 208.4, 201.066666666667, 161.733333333333, 175.733333333333, 155.066666666667, 136.733333333333, 1192.06666666667, 136.066666666667, 
69.3999999999999, 4498.06666666666, 12948.0666666668, 2397.73333333333, 69047.1333333326, 24139.6666666665, 163608.000000008, 163093.933333342, 163733.000000008, 
295, 1356.4, 1153.4, 165068.333333341, 40013.8666666662, 165031.333333342, 165568.000000009, 165587.000000009, 
258.866666666667, 179.066666666666, 13382.4666666668, 164142.600000009, 164470.333333341, 164221.333333341, 
129.733333333333, 9011.8, 1386.53333333333, 165974.666666675, 164387.333333342, 164273.000000008, 
1108.06666666667, 33745.5999999996, 61194.6666666663, 36294.4666666664, 37345.5333333329, 164996.933333342, 164717.666666675, 165074.666666675, 
6692.46666666665, 9920.06666666669, 163546.333333341, 164997.000000008, 165650.000000008, 
1287.8, 201.733333333333, 121401.999999996, 163430.666666674, 163945.333333341, 164118.666666675, 
3332.06666666666, 1153.13333333333, 2214.73333333333, 14028.5333333335, 14376.1333333335, 31079.4666666664, 14490.0666666668, 163386.666666675, 58077.3999999996, 163963.666666675, 163565.933333341, 164545.000000008, 
26.8, 26.8, 90.7333333333333, 194.066666666667, 59405.4666666663, 11195.5333333334, 13387.4000000001, 164379.000000008, 164127.666666675, 41979.733333333, 46192.6666666663, 107764.933333329, 102040.666666663, 4839.53333333332, 53631.8666666661, 168500.066666679, 167743.400000012, 167439.400000013, 
272.933333333333, 312, 2613.86666666666, 40440.5333333329, 134529.399999996, 8077.66666666664, 89598.3999999973, 113432.199999996, 18258.5333333335, 167673.733333345, 164714.533333342, 164250.666666675, 
2428.26666666666, 5725.79999999999, 163730.000000008, 164157.333333341, 163715.333333342, 
187.4, 226.8, 134.733333333333, 237.4, 1291.06666666667, 1243.73333333333, 1303.73333333333, 4576.73333333333, 2397.4, 8983.06666666666, 3406.26666666667, 2302.73333333333, 10018.7333333334, 189.866666666667, 4618.86666666666, 12192.4666666667, 1263.73333333333, 4667.06666666666, 6763.39999999999, 3416.86666666666, 7947.46666666665, 6802.79999999999, 2276.6, 3472.26666666666, 6605.39999999998, 5681.93333333332, 1291.73333333333, 3477.26666666667, 2466.53333333333, 2363.13333333333, 5683.66666666666, 4545.46666666666, 4549.79999999999, 2385.06666666666, 3480.53333333333, 3369.66666666666, 3483.8, 2330.06666666667, 1293.13333333333, 8894.73333333333, 7975.93333333332, 3575.13333333333, 9044.33333333334, 4580.39999999999, 3594.06666666666, 2467.53333333333, 11200.8666666667, 4532.39999999999, 5676.39999999999, 4549.79999999999, 2440.06666666666, 4736.86666666666, 2470, 1323.06666666667, 1294.8, 4664.73333333333, 3548.4, 2366.4, 3463.8, 3531.13333333333, 3446.8, 5690.93333333332, 5610.79999999999, 5746.86666666666, 9983.40000000002, 7826.06666666665, 5811.86666666665, 3436.06666666666, 7863.46666666665, 3555.8, 5657.13333333332, 6915.06666666665, 8909.46666666666, 2342.33333333333, 6858.53333333332, 1350, 4681.46666666666, 5755.19999999999, 6918.39999999999, 3573.73333333333, 1297.06666666667, 11187.4666666667, 2404.6, 9063.13333333334, 5747.53333333332, 8029.99999999998, 5704.06666666666, 3573.26666666666, 1336.86666666666, 6709.39999999998, 11327.8000000001, 1332.4, 4590.66666666666, 1326.73333333333, 6875.73333333332, 5745.66666666665, 3501.8, 4615.2, 3595.06666666666, 5758.19999999999, 4570.8, 4675.46666666666, 5671.13333333333, 14556.7333333335, 1303.2, 2434.66666666666, 6805.66666666666, 1301.13333333333, 5634.06666666666, 3582.4, 4587.39999999999, 3559.53333333333, 4693.79999999999, 12287.1333333334, 1332.4, 8006.73333333332, 3436.66666666667, 10024.4666666667, 2354.06666666666, 1330.73333333333, 2412.2, 2443.46666666666, 2425.4, 4607.46666666666, 3449.26666666666, 
39.2666666666667, 2231.46666666666, 2211.2, 13121.0666666668, 2234.86666666666, 6597.19999999999, 9185.73333333334, 74412.0666666657, 46112.733333333, 165251.000000009, 164655.000000008, 164884.000000008, 
169.733333333333, 148.4, 184.066666666666, 260.733333333333, 1176.4, 172.133333333333, 2293.4, 4413.33333333333, 1183.73333333333, 1177.06666666667, 1267.06666666666, 2468.73333333333, 1253.06666666667, 3352.53333333333, 2423.06666666666, 1310.06666666667, 3455.73333333333, 5577.39999999999, 139.066666666666, 2417, 4533.4, 1283.06666666667, 2445.53333333333, 1355.8, 5614.73333333333, 231.533333333333, 3588.73333333333, 3519.6, 2357.73333333333, 1323.4, 7913.93333333332, 1310.4, 4647.99999999999, 1355.4, 2410.53333333333, 4616.73333333333, 4520.06666666666, 178.733333333333, 3516.4, 3506.06666666666, 3515.4, 1346.4, 2468.8, 5723.73333333332, 1330, 2428.06666666666, 4588.66666666666, 2388.4, 3401, 3465.06666666666, 4618.8, 1309.46666666666, 2342.4, 1275.4, 3557.86666666666, 3604.2, 1256.73333333333, 2504.4, 1350.66666666667, 2380.13333333333, 1262.73333333333, 1319.33333333333, 2423.33333333333, 1279.73333333333, 3561.53333333333, 2497.13333333333, 2455.06666666666, 3563.73333333333, 1264.73333333333, 1271.4, 1315.73333333333, 1329, 1253.06666666667, 1341.06666666667, 2414.73333333333, 2474.2, 1269.4, 1281.06666666667, 1351.73333333333, 1351.46666666667, 1304, 1355.06666666667, 6811.99999999999, 4527.06666666666, 2408.4, 3550.73333333333, 1292, 1352.2, 2423, 1356.46666666667, 1299.06666666667, 1339.93333333333, 3600.73333333333, 1392.93333333333, 2453.26666666666, 2388.06666666666, 1259.33333333333, 2456.46666666666, 1226.13333333333, 1298, 1404.66666666666, 4733.46666666666, 2336, 1281.4, 3505.93333333333, 1359.26666666667, 2285.73333333333, 1334.86666666667, 6885.46666666665, 1313.33333333333, 3548.06666666666, 2416.93333333333, 1328.73333333333, 3490.4, 1247.4, 1308.93333333333, 1251.33333333333, 2373.4, 3466.06666666666, 1353, 2331.33333333333, 2463.4, 212.8, 2403.06666666666, 5703.66666666666, 
1063.4, 52739.3333333328, 164774.666666675, 139567.133333333, 164652.000000008, 15409.0666666668, 164643.333333341, 12104.8666666668, 137483.933333331, 164995.666666674, 53964.9999999996, 164383.666666675, 28627.2666666664, 163970.266666675, 164340.666666675, 164324.000000008, 
3464.6, 164203.266666675, 165332.666666676, 164673.333333342, 
135.866666666667, 16579.2000000001, 163853.000000009, 162903.000000009, 165871.000000008, 
162.4, 164314.666666676, 164360.600000008, 164583.666666675, 
164145.333333342, 163837.000000009, 163848.666666674, 
31899.4666666663, 71417.5333333325, 137644.199999998, 163479.933333341, 99300.0666666644, 164611.000000008, 163192.666666674, 75780.8666666654, 164772.333333342, 163951.666666675, 53851.5333333329, 21004.2, 10066.0666666667, 21096.7333333333, 38578.9999999996, 87671.5333333317, 118496.466666663, 80196.0666666652, 12312.4000000001, 165014.666666675, 92304.399999998, 164546.000000008, 46326.4666666663, 164981.000000008, 164386.266666675, 149592.000000003, 19909.7333333334, 163567.333333342, 163947.333333342, 110922.866666664, 164193.000000008, 164108.333333341, 12298.8000000001, 53899.3999999996, 115227.93333333, 87298.7333333315, 19962.2000000001, 161667.466666674, 56330.3999999994, 163033.333333341, 163764.333333341, 163664.333333341, 
64145.7333333332, 164091.933333342, 163728.333333342, 164377.666666675, 
191.8, 45531.7333333329, 165384.666666675, 19040.5333333334, 71563.3333333325, 46383.7999999995, 164094.333333342, 164417.266666675, 163642.000000007, 
82036.8666666651, 163888.000000008, 164223.666666675, 163984.333333342, 
163408.333333342, 164317.933333341, 163310.000000008, 
142.733333333333, 117498.066666662, 163168.333333341, 132720.733333329, 39922.733333333, 32370.7999999997, 90935.7333333314, 1355.46666666666, 68419.1333333327, 89937.4666666648, 77000.7999999989, 59378.3999999996, 31901.0666666664, 131541.399999996, 165051.333333342, 72509.0666666657, 81688.0666666654, 75270.3333333321, 147447.200000002, 164588.000000008, 164201.000000008, 163016.266666675, 
145.4, 10160.8666666667, 163484.666666675, 164693.000000008, 163027.666666675, 
162746.666666675, 163185.000000008, 163422.600000008, 
1344.4, 9073.53333333333, 3454.86666666666, 5677.46666666666, 56101.0666666661, 97357.7999999973, 164440.333333342, 4758.86666666666, 36608.8666666663, 13442.4666666668, 58537.3333333328, 56989.8666666663, 79189.7999999988, 130014.199999996, 164453.333333342, 29678.7333333331, 9082.86666666667, 163995.933333342, 70397.7333333324, 79075.7999999985, 163947.000000008, 85169.4666666649, 24346.4666666666, 152480.400000004, 87800.3999999985, 76808.5333333322, 163563.666666675, 163854.933333342, 163400.000000008, 
163261.333333341, 100535.133333331, 163753.666666676, 146542.066666668, 163598.666666675, 164027.600000008, 163768.333333341, 
6797.86666666665, 162757.666666675, 163573.333333341, 164655.666666675, 
163994.000000008, 163903.666666675, 141733.333333333, 163338.000000008, 164315.333333342, 164740.000000008, 
18856.7333333334, 4685.46666666666, 165363.333333342, 163687.000000009, 164156.600000008, 
72937.1999999991, 163564.333333342, 48308.8666666662, 32329.133333333, 50676.0666666662, 164428.666666675, 24522.9999999999, 85504.0666666648, 165261.000000009, 115285.73333333, 163204.933333341, 43868.733333333, 164237.333333342, 44158.5999999996, 164137.333333342, 78213.8666666654, 22176.7333333333, 164247.333333342, 162950.666666675, 163751.666666674, 
51343.733333333, 163996.333333341, 166320.666666675, 163564.333333341, 
163751.333333341, 163933.000000008, 163782.000000008, 
22272.4, 109613.599999997, 30891.4666666664, 164484.333333342, 164780.333333342, 164905.333333341, 
42718.1999999996, 149371.066666669, 163668.666666675, 165486.266666676, 166048.666666675, 
163856.000000009, 113095.399999996, 164815.000000008, 164731.000000008, 164030.666666675, 
189.733333333333, 163898.266666675, 163514.333333341, 163819.333333342, 
164278.333333342, 165091.000000008, 165089.000000008, 
2474.33333333333, 3470.06666666666, 163778.333333341, 155567.000000005, 163425.333333341, 163724.000000008, 163473.333333341, 
156726.400000005, 163598.333333341, 162878.266666675, 162872.666666675, 
4557.06666666666, 42780.7333333329, 163750.666666675, 164111.000000008, 163444.000000008, 
2478.13333333333, 164185.333333342, 164801.000000008, 163822.933333341, 
6894.93333333332, 39624.0666666663, 30947.0666666664, 19734.5333333334, 164842.666666675, 163138.333333341, 162831.000000008, 
37.4, 53.0666666666669, 1202.06666666666, 201.466666666667, 1287.66666666667, 1301.73333333333, 1358.06666666667, 1343.06666666667, 168.8, 1255.73333333333, 2407.4, 1309.06666666667, 1305.73333333333, 1310.06666666667, 1276.73333333333, 1174.06666666666, 111.733333333333, 1272.06666666667, 1269.73333333333, 3447.06666666666, 1246.66666666667, 1323.06666666666, 1303.06666666666, 112.066666666667, 2312.79999999999, 2414.06666666666, 1353.06666666667, 114.4, 4604.06666666667, 3572, 4582.73333333333, 1272, 2432.8, 1253.73333333333, 1301.06666666666, 1310.4, 1327.06666666667, 1221.73333333333, 1194.73333333333, 1308.73333333333, 1215.4, 2382.73333333333, 46.0666666666668, 1292.06666666667, 1289.73333333333, 155.4, 1307.06666666667, 148.733333333333, 1322.46666666667, 1211.53333333333, 1217.4, 1242.73333333333, 109.4, 113.066666666666, 1226.4, 117.4, 118.733333333333, 119.4, 1220.73333333333, 1206.4, 1319.13333333333, 174.066666666667, 1281.86666666667, 113.066666666666, 1247.73333333333, 1294.46666666667, 117.066666666667, 107.066666666666, 114.4, 1339.06666666667, 206.8, 1216.06666666666, 2435.73333333333, 1272.73333333333, 129, 2450.06666666666, 2422.4, 2445.4, 185.733333333333, 1279, 1290.73333333333, 2364.4, 2381.8, 115.733333333333, 1293.4, 113.066666666666, 1333.06666666667, 113.066666666666, 1323.06666666666, 113.733333333333, 113.066666666666, 235.066666666667, 113.066666666666, 1288, 1371.4, 1320.4, 1225.73333333333, 114.066666666666, 1334.06666666667, 144.733333333333, 1343.06666666667, 1335.06666666666, 1275.13333333333, 1271.73333333333, 1325.06666666667, 1255.06666666666, 196.8, 2384.33333333333, 1271.73333333333, 1257.4, 2393, 182.8, 1263.46666666667, 1263.73333333333, 2443.4, 1263.06666666667, 90.7333333333333, 1281.73333333333, 1316.33333333333, 1331.73333333333, 1281.73333333333, 1280, 1318.73333333333, 114.4, 206.4, 
27.0666666666666, 147.066666666666, 1212.73333333333, 2313.4, 1308.06666666667, 2365.06666666666, 1293.4, 97.7333333333333, 3457.4, 103.066666666667, 1216.4, 1292.86666666666, 2386.06666666666, 1232.4, 1205.06666666666, 2299.39999999999, 1313.4, 2330.13333333333, 1313.2, 3451.73333333333, 180.8, 1268.06666666666, 1276.73333333333, 1266.26666666666, 1239.73333333333, 185, 1275.2, 2348.06666666667, 1258.73333333333, 1319.4, 1265.13333333333, 1301.73333333333, 1218.06666666666, 1294.4, 1302.8, 2309.73333333333, 1283.06666666667, 1263.73333333333, 2313.39999999999, 1232.4, 1265.4, 1211.73333333333, 1277.06666666666, 1336.06666666666, 6728.39999999998, 1285.73333333333, 3403.73333333333, 2380.4, 1313.4, 1339.06666666667, 2424.73333333333, 1194.73333333333, 1216.4, 1264.4, 1331.73333333333, 2270.06666666666, 1299.06666666667, 1269.73333333333, 2401.73333333333, 1262.06666666666, 2422.06666666667, 1343.06666666667, 1336.73333333333, 1242.06666666667, 1329.73333333333, 1197.06666666667, 2363.06666666667, 1325.4, 1284.06666666667, 1248.4, 1293.73333333333, 3523.06666666667, 224.933333333333, 1312.06666666667, 1331.73333333333, 1335.06666666666, 1249.2, 1316.6, 1305.4, 1280.4, 3456.4, 2429.73333333333, 1336.33333333333, 1285.13333333333, 1231.06666666666, 265.466666666666, 1326.06666666666, 1227.8, 1339.73333333333, 117.4, 170.2, 1287.06666666666, 2393.4, 3537.4, 1258.73333333333, 2336.73333333333, 1259.33333333333, 118.4, 2288, 1331.93333333333, 3508, 1244.13333333333, 3460.93333333333, 4573.59999999999, 209.666666666667, 1228.4, 1271.73333333333, 158.333333333333, 1263.73333333333, 1282.06666666667, 1183.06666666667, 1329.33333333333, 1260.4, 1311.2, 224.933333333333, 1201, 1226.06666666666, 1264.4, 1296.06666666666, 1239.73333333333, 1229, 209.133333333333, 2430.06666666667, 139.4, 3511.73333333333, 
28.4, 78.7333333333334, 191.066666666667, 1308.4, 134.4, 1269.06666666667, 2368.73333333333, 1311.73333333333, 1293.26666666666, 3441.06666666667, 1218.4, 135.733333333333, 1363.73333333333, 1250.06666666666, 1178.73333333333, 1253.73333333333, 2397.73333333333, 1288.73333333333, 1345.73333333333, 2332.73333333333, 2421.46666666666, 3348.79999999999, 1265.06666666667, 1207.73333333333, 331.666666666666, 1310.73333333333, 2320.13333333333, 3572.39999999999, 1276.73333333333, 1291.73333333333, 1218.46666666667, 1253.4, 2331.06666666666, 148.4, 1151.06666666666, 1365.86666666666, 1212.73333333333, 1340.73333333333, 1243.06666666667, 273.666666666666, 1361.13333333333, 1295.06666666666, 2374.8, 1305.8, 1214.4, 1228.06666666666, 142.4, 146.733333333333, 1233.73333333333, 209.533333333333, 1311.06666666666, 1342.4, 142.4, 3454.59999999999, 1241.73333333333, 163.666666666667, 1235.4, 1266.46666666667, 2437.26666666666, 168.8, 1326.4, 1348.66666666666, 1258.73333333333, 1229.06666666667, 2433.06666666667, 1326.86666666666, 129.4, 1257.73333333333, 132.733333333333, 1228.66666666667, 3502.93333333333, 1313.73333333333, 1264.4, 1367, 1249.73333333333, 59.7333333333336, 1256.26666666666, 47.0666666666669, 3558.26666666666, 1220.4, 1305.06666666667, 2334.73333333333, 1320.4, 1338.4, 1198, 1239.73333333333, 2483.99999999999, 1330.4, 2362.73333333333, 3500.33333333333, 2296.73333333333, 1332.06666666667, 2426.6, 2434.06666666667, 1338.4, 1344.33333333333, 2482.26666666666, 1313.2, 1276.4, 2351.4, 1259.06666666666, 2497.06666666666, 1262, 3500.4, 1233, 1262.4, 1306, 1343.4, 1260.4, 89.7333333333331, 178.133333333333, 3491.73333333333, 1313.33333333333, 1265.73333333333, 2388.73333333333, 2480.06666666666, 146.066666666667, 2405.73333333333, 1215.06666666667, 1367.73333333333, 1259.06666666666, 3505, 1362.4, 1220.06666666667, 2416.46666666666, 
29.4, 34.2, 34.2, 68.4000000000001, 188.066666666667, 1286.73333333333, 1231.8, 2489.6, 1216.06666666666, 1303.73333333333, 1339.73333333333, 1226.06666666667, 1254.4, 1248.06666666667, 1290.4, 3480.06666666666, 2400.26666666666, 1234.06666666666, 122.133333333333, 1254.4, 3427.73333333333, 106.733333333333, 1338.8, 1384.46666666666, 1237.4, 1258.4, 2404.4, 1273.73333333333, 2379.73333333333, 2392.73333333333, 1254.4, 1288.06666666667, 2374.4, 183, 2362.06666666666, 4661.73333333333, 3423.26666666666, 3413.93333333333, 1243.73333333333, 151.333333333333, 1264.73333333333, 1277.06666666666, 1259.06666666666, 3551.86666666666, 1327.8, 1310.66666666667, 1257.06666666667, 1256.06666666666, 197.133333333333, 1225.4, 1312.06666666667, 1261.73333333333, 2464.86666666666, 1252.73333333333, 1320, 3434.33333333333, 1277.86666666666, 1295.4, 1330.4, 1308.06666666667, 2338.73333333333, 1330.66666666667, 1341.73333333333, 1283.06666666666, 1223.4, 1293, 186.733333333333, 1257.4, 1359.73333333333, 1257.4, 2433.06666666667, 1247.4, 1264.33333333333, 2353.4, 3531.06666666667, 142, 2340.4, 1266.4, 2332, 115.733333333333, 1272.33333333333, 150.066666666666, 2390.86666666667, 145.4, 2378.33333333333, 1202.06666666666, 1273.4, 193.666666666666, 2358.06666666666, 1285.93333333333, 1266.73333333333, 97.3999999999998, 2269, 1248.66666666667, 2417.4, 1303.73333333333, 3547.66666666666, 1289.06666666667, 2484.73333333333, 230.2, 1254.06666666667, 1278.4, 1265.4, 1251.66666666666, 151.066666666666, 1252.66666666667, 1361.2, 146.066666666667, 1381.26666666667, 1217.06666666666, 1233.66666666667, 126.333333333333, 1363.86666666666, 1312.93333333333, 142, 2370.06666666667, 1361.13333333333, 3505.73333333333, 3484.73333333333, 1357.73333333333, 1245.06666666666, 1249.33333333333, 122.4, 1288.4, 1235.66666666666, 
80.4, 214, 109.4, 1275.06666666666, 2424.33333333333, 3552.06666666666, 159.4, 153.066666666666, 153.066666666666, 253.6, 178.066666666666, 191.4, 147.4, 153.066666666666, 153.066666666666, 166.733333333333, 144.733333333333, 1201.4, 1254.66666666666, 2341.4, 47.0666666666669, 46.4000000000002, 71.4, 43.4000000000002, 90.0666666666667, 1239.73333333333, 57.4, 52.7333333333334, 106.8, 2400.73333333333, 104.066666666667, 1293.06666666667, 2447.39999999999, 155.4, 128.733333333333, 133.066666666667, 132.066666666667, 222.466666666666, 129.066666666666, 1366.4, 205.066666666666, 122.733333333333, 189.4, 127.4, 133.066666666667, 1322.73333333333, 1280.73333333333, 124.066666666666, 201.466666666667, 124.066666666666, 142.066666666666, 122.4, 1373.4, 188.4, 176.733333333333, 122.4, 272.2, 125.066666666666, 188.066666666667, 152.733333333333, 1363.33333333333, 1214.4, 1260.46666666666, 1256.4, 198.8, 1300.73333333333, 1260.06666666667, 161.733333333333, 1323.46666666666, 1353.06666666667, 3475.73333333333, 1257.06666666667, 124.4, 1255.06666666667, 1347.4, 223.533333333333, 2427.73333333333, 1248.06666666667, 125.733333333333, 129.066666666667, 140.066666666667, 122.733333333333, 1351.4, 1229.4, 136.733333333333, 176.733333333333, 1263.4, 1276.4, 1352.06666666666, 130.733333333333, 122.4, 126.066666666667, 1263.4, 137.6, 234.333333333333, 2430.06666666666, 2456.73333333333, 150.066666666666, 1343.4, 142.066666666666, 124.733333333333, 126.066666666666, 152.733333333333, 123.4, 136.4, 188.133333333333, 1284.4, 141.733333333333, 220.866666666667, 252.2, 2392.73333333333, 150.066666666666, 122.733333333333, 155.4, 198.8, 2452.2, 1332.06666666666, 128.4, 168.733333333333, 1352.73333333333, 160.733333333333, 125.066666666666, 124.4, 147.4, 122.4, 
32.0666666666666, 171.066666666667, 2341.73333333333, 2404.06666666666, 1276.6, 1263.4, 129.066666666666, 2434.73333333333, 1362.46666666667, 1341.73333333333, 1260.06666666666, 1246.4, 2432.73333333333, 1268.73333333333, 2417.4, 2414.06666666667, 2373.73333333333, 2334.06666666667, 1353.73333333333, 1227.8, 1261.06666666666, 1283.06666666666, 1227.06666666667, 2437.46666666667, 1361.4, 1266.46666666667, 1257.73333333333, 1258.73333333333, 1219.06666666666, 1212.4, 186.066666666666, 1321.4, 1228.73333333333, 3449.73333333333, 194.733333333333, 1225.06666666667, 1254.73333333333, 1335.8, 2317.06666666667, 1196.06666666666, 148.2, 1248.4, 2380.4, 1244.06666666667, 1227.06666666666, 2381.73333333333, 1234.73333333333, 257.733333333333, 1314.4, 139.733333333333, 2387, 1253.73333333333, 1334.66666666666, 3351.06666666666, 1211.73333333333, 2468.4, 1278.13333333333, 1249.06666666667, 1245.06666666666, 123.4, 2342.4, 1262.4, 1220.06666666667, 149.4, 1253.73333333333, 2431.06666666666, 172.733333333333, 1328.4, 1375.73333333333, 1329.66666666666, 141.333333333333, 2412.66666666667, 1288.73333333333, 1341.4, 139, 1355.73333333333, 3510.4, 1400.46666666667, 143.733333333333, 292.266666666667, 1295.73333333333, 142.4, 1290.4, 3523.4, 2374.4, 1303.93333333333, 142.4, 2447.73333333333, 160.733333333333, 144.733333333333, 1345.13333333333, 210.2, 1363.2, 147.4, 2429.4, 1317.06666666667, 142.4, 1337.73333333333, 256.933333333333, 143.4, 1249.13333333333, 1345.06666666667, 1320, 152.733333333333, 1243.4, 1267.66666666666, 2404.06666666667, 1273.4, 2354.06666666666, 1309.73333333333, 109.733333333333, 125.733333333333, 110.066666666667, 1347.73333333333, 109, 152.733333333333, 115.733333333333, 108.333333333333, 117.066666666667, 106.4, 117.066666666667, 1295.73333333333, 109.733333333333, 1353.93333333333, 141.4, 
26.8, 34.2, 34.2, 34.2, 107.733333333333, 2350.4, 106.733333333333, 3498.4, 117.066666666666, 1337.06666666667, 1261.4, 1269.06666666666, 1255.06666666667, 114.4, 2417.6, 1295.73333333333, 2361.06666666667, 118.066666666667, 1239.4, 146.8, 113.733333333333, 1333.4, 1271.73333333333, 1305.53333333333, 1246.73333333333, 1251.06666666666, 1263.73333333333, 1348.4, 1275.06666666666, 1314.4, 2333.4, 1238, 1298.73333333333, 2332.4, 4560.73333333333, 2427.73333333333, 1232.06666666666, 164.066666666667, 2473, 1250.4, 1265.06666666666, 2398.66666666666, 1267.4, 2398.73333333333, 1303, 151.133333333333, 2386.73333333333, 1334.53333333333, 1267.66666666666, 1247.4, 1316.4, 1287.73333333333, 1248.4, 1321.4, 184.066666666666, 1248.06666666667, 1348.53333333333, 2450.73333333333, 1288.4, 145.733333333333, 1228.06666666667, 1251.66666666667, 124.066666666666, 192.066666666666, 1354, 1272.06666666666, 139, 142.4, 1365.4, 1328.33333333333, 1314.06666666667, 196.866666666667, 1240.06666666667, 2358.73333333333, 1317.06666666667, 3426.73333333333, 1275.4, 263.666666666667, 1268.73333333333, 1317.73333333333, 1252, 1309.06666666666, 1329.06666666666, 1237.73333333333, 1261.73333333333, 245.066666666667, 1261.73333333333, 154.2, 1216.4, 1398.46666666667, 2508.06666666666, 1301.73333333333, 1278.4, 1261.73333333333, 1341.06666666667, 2271.93333333333, 1208.4, 1230.73333333333, 1242.06666666667, 131.4, 2400.33333333333, 2319.06666666666, 2369.06666666667, 1288.66666666666, 2373.4, 1309.73333333333, 2327.73333333333, 1249.73333333333, 1313.2, 156.066666666667, 3539.46666666666, 1217, 1277.73333333333, 130.066666666666, 1310.4, 1219.33333333333, 3571.26666666667, 1353.73333333333, 1334.4, 1247.4, 1243.66666666667, 159.4, 146.066666666667, 2458.46666666666, 145.4, 
40.0666666666668, 34.2, 115.733333333333, 1252.4, 245.733333333333, 144.066666666667, 1334.06666666667, 142.4, 1252.4, 42.7333333333334, 1311.06666666667, 2295.06666666666, 101.066666666666, 2340.8, 1271.06666666667, 134.066666666667, 2400.06666666667, 148.733333333333, 2290.73333333333, 170.066666666666, 144.8, 3438.4, 142.4, 145.4, 2351.06666666666, 1268.46666666667, 1362.4, 138.4, 2385.4, 2331.26666666666, 3490, 165.466666666666, 1246.06666666667, 1262.06666666666, 1311.06666666667, 192.733333333333, 136.733333333333, 5741.06666666666, 1352.53333333333, 1315.8, 1340.06666666667, 3465.39999999999, 3473.06666666666, 2467.6, 1239.73333333333, 1353, 129.733333333333, 1226.4, 1323.8, 1284.4, 2341.06666666667, 1267.4, 1306.06666666667, 144.733333333333, 2396.06666666666, 136.4, 1385.86666666667, 1362, 1259.73333333333, 144.733333333333, 1253.06666666666, 1232.73333333333, 1298.4, 1269.73333333333, 1260.4, 1320.4, 2460.99999999999, 1243.06666666666, 2326.06666666667, 1358.53333333333, 178.066666666666, 2433.13333333333, 1237.06666666666, 139.733333333333, 1255.4, 1245.4, 164, 112.533333333333, 47.4000000000001, 38.4000000000001, 40.7333333333334, 37.7333333333334, 131.733333333333, 1275.4, 129.933333333333, 1256.73333333333, 45.0666666666668, 60.4666666666667, 2320.39999999999, 41.0666666666668, 1292.73333333333, 67.7333333333334, 5623.46666666667, 73.8000000000001, 32.4, 46.0666666666667, 158.666666666667, 34.7333333333334, 43.7333333333334, 32.4, 1251.4, 1218.4, 40.0666666666668, 1236.4, 151.933333333333, 42.4000000000001, 123.733333333333, 44.4000000000001, 1230.06666666667, 36.7333333333334, 2340.06666666666, 38.0666666666667, 115.2, 35.4, 1255.73333333333, 1232.73333333333, 40.7333333333334, 3460.73333333333, 1143.06666666666, 99.7333333333333, 221.133333333333, 162.733333333333, 1297.13333333333, 63.1333333333334, 99.7333333333333, 
26.8, 95.0666666666665, 108.4, 2353.73333333333, 114.733333333333, 256.266666666667, 2417.06666666667, 165.8, 158.133333333333, 95.0666666666665, 138.733333333333, 120.066666666667, 91.3999999999998, 2352.06666666667, 1282.4, 90.7333333333331, 95.0666666666665, 100.066666666667, 210.933333333333, 89.7333333333331, 150.066666666666, 172.2, 109.4, 97.3999999999999, 117.066666666667, 1275.73333333333, 91.3999999999998, 102.066666666667, 96.7333333333332, 2431.06666666666, 99.7333333333333, 138.733333333333, 122.4, 89.7333333333331, 90.7333333333331, 109.4, 147.466666666666, 1262.4, 1269.06666666667, 114.733333333333, 189.2, 91.3999999999998, 114.733333333333, 100.066666666667, 95.7333333333332, 94.3999999999998, 2404.06666666666, 262.933333333333, 114.733333333333, 96.7333333333332, 163.466666666667, 100.4, 93.7333333333332, 1244.4, 94.3999999999998, 1267.73333333333, 182.866666666667, 109.4, 89.7333333333331, 114.733333333333, 1301.06666666667, 90.7333333333331, 2323.06666666666, 125.4, 138.733333333333, 1252.73333333333, 171.133333333333, 123.733333333333, 178.2, 132.066666666667, 131.066666666666, 1230.4, 1179.06666666667, 1330.73333333333, 1331.4, 1342.4, 1344.73333333333, 4626.06666666667, 1341.73333333333, 147.4, 163.466666666667, 173.4, 1251.73333333333, 3512.6, 1310.4, 265.8, 2333.4, 97.733333333333, 1280.13333333333, 1226.4, 1285.73333333333, 1255.06666666666, 234.266666666667, 1227.73333333333, 1278.4, 3473.06666666666, 3532.06666666666, 2391.4, 1245.13333333333, 2370.06666666667, 1315.73333333333, 89.7333333333331, 1281.73333333333, 1245.73333333333, 1325.06666666666, 1255.73333333333, 1271.06666666667, 2369.73333333333, 1279.06666666666, 97.3999999999999, 1266.73333333333, 1200.06666666666, 92.7333333333331, 90.0666666666664, 138.733333333333, 112.066666666667, 3469.06666666666, 104.066666666667, 103.4, 113.066666666666, 1271.06666666667, 192.266666666667, 180.2, 1261.46666666666, 2277.33333333333, 
26.8, 34.2, 34.2, 34.2, 39.0666666666667, 182.8, 2368.73333333333, 2330.4, 1247.73333333333, 1301.06666666666, 1258.4, 1260.06666666667, 2374.53333333333, 1256.06666666667, 2459.73333333333, 184.066666666666, 1249.06666666666, 1255.73333333333, 1253.73333333333, 1269.06666666667, 1303.06666666667, 1258.73333333333, 1255.73333333333, 1255.8, 2382, 2346.86666666666, 2356.4, 2401.06666666667, 1257.4, 1271.06666666666, 1259.73333333333, 1242.4, 1265.06666666666, 1379.86666666666, 2422.73333333333, 1267.06666666666, 2414.39999999999, 2309.73333333333, 1263.06666666667, 2317.06666666666, 1264.4, 1257.06666666666, 1360.06666666667, 2304.73333333333, 1252.73333333333, 2365.73333333333, 1275.06666666666, 1283.46666666667, 1286.4, 1364.4, 1200.66666666667, 1266.73333333333, 1200.73333333333, 223.533333333333, 1371.06666666666, 1340.4, 1367.73333333333, 1345.06666666667, 146.4, 2333.73333333333, 2398.33333333333, 1250.73333333333, 1252.4, 151.066666666666, 1264.73333333333, 1269.4, 1259.4, 127.733333333333, 1266.13333333333, 72.1333333333334, 1269.73333333333, 2394.06666666667, 1292.4, 1312.4, 2328.06666666667, 1253.4, 2335.06666666667, 1327.4, 1341.73333333333, 1325.73333333333, 148.333333333333, 1340.4, 2363.06666666666, 1260.4, 3558, 1249.4, 2325.4, 1201.73333333333, 1258.4, 1259.06666666667, 118.2, 1271.73333333333, 1308.4, 1358.73333333333, 1356.2, 138.733333333333, 3439.06666666666, 219.666666666667, 1211.06666666666, 1303.4, 1287.06666666666, 2375.33333333333, 3471.06666666666, 1243.06666666666, 1252.66666666666, 56.4000000000001, 1283.73333333333, 1371.73333333333, 1291.93333333333, 1260.33333333333, 1255.06666666666, 68.7333333333334, 1250.33333333333, 2400.39999999999, 1321.73333333333, 2382.73333333333, 2295.4, 1270.4, 1331, 1227.73333333333, 1262.73333333333, 1263.4, 206.133333333333, 141.733333333333, 1296.4, 
26.8, 34.2, 2344.73333333333, 107.4, 104.4, 180.8, 212.866666666667, 2378.06666666666, 1360.73333333333, 2397.53333333333, 2463.73333333333, 2302.73333333333, 233.133333333333, 2384.13333333333, 173, 2378.93333333333, 2371.06666666667, 1265.8, 1267.4, 1264.46666666667, 148.066666666666, 1356.06666666667, 1262.4, 2395.4, 1264.06666666666, 1377.86666666667, 3436.73333333333, 1365.06666666667, 1292.73333333333, 2367.73333333333, 154.933333333333, 1223.73333333333, 1312.73333333333, 1275.46666666667, 1331.73333333333, 1257.73333333333, 224.866666666667, 200.266666666667, 1270.46666666667, 1333.53333333333, 2378.06666666666, 1375.8, 1211.4, 1268.73333333333, 1343.93333333333, 1235.73333333333, 1208.4, 1254.66666666667, 1243, 3506.6, 2470.73333333333, 1361.13333333333, 1338.46666666666, 1348.4, 1275.66666666667, 2462.73333333333, 1277.66666666666, 2328.73333333333, 1303, 1239.4, 1393.2, 1364.4, 1253.73333333333, 1236.06666666666, 2306.06666666666, 1277.86666666666, 1326.06666666667, 1156.73333333333, 1334.73333333333, 1255.73333333333, 2385.53333333333, 1249.06666666666, 165.133333333333, 1262, 1233.4, 2309.4, 1257.4, 155.4, 3521.13333333333, 2435, 2258.06666666667, 1251.06666666667, 1215.4, 1266.4, 1288.46666666667, 268.933333333333, 139.066666666667, 1223.73333333333, 1220.06666666666, 2374.4, 1352.66666666667, 1225.06666666666, 2452.4, 2333.4, 1237.73333333333, 1272.4, 1259.4, 1250.73333333333, 58.4000000000001, 2312.39999999999, 1309.73333333333, 1269.06666666667, 1245.06666666666, 2297.86666666666, 2387.06666666667, 1256.73333333333, 1373.33333333333, 1256.4, 1266.06666666666, 2360.39999999999, 3446.2, 1255.06666666667, 1293.73333333333, 1258.4, 1340.66666666667, 1232.06666666666, 1267.4, 178.066666666666, 1279.2, 1280.4, 1265.06666666666, 140.733333333333, 2401.4, 1325.86666666666, 145.466666666667, 
132.4, 137.4, 134.4, 1331.06666666666, 2364.73333333333, 2434.73333333333, 1316, 1355.13333333333, 1335.73333333333, 1268.46666666666, 1317.06666666667, 2381.4, 1253.06666666667, 1252.73333333333, 3472.66666666666, 1252.06666666667, 2383.4, 1226.4, 2374.26666666666, 1281.73333333333, 137.066666666667, 1314.4, 2309.66666666667, 1352.66666666666, 3396.93333333333, 1322.06666666667, 1260.06666666667, 2326.26666666666, 2322.4, 1305.73333333333, 1276, 1293.4, 4649.73333333333, 1351.06666666666, 1273.53333333333, 1274.4, 1266.33333333333, 1189.4, 1221.06666666666, 1338.4, 1225.73333333333, 2270.66666666667, 1210.06666666667, 1252.73333333333, 3538.73333333333, 1208.66666666667, 3476.4, 1222.4, 1317.06666666666, 2384.73333333333, 1246.66666666666, 1272.73333333333, 1239.73333333333, 1330, 1271.73333333333, 1305.4, 1309.06666666667, 1229.73333333333, 1276, 2411.4, 1367.4, 1229.4, 3475, 1247.06666666666, 2394.73333333333, 1251.06666666667, 1364, 145.866666666667, 1265.73333333333, 1292.46666666667, 2381.33333333333, 221.733333333333, 1280.4, 162.066666666666, 145.733333333333, 3552.33333333333, 146, 1266.06666666666, 2341.4, 1262.4, 1274.73333333333, 3453.06666666667, 2446.13333333333, 1270.73333333333, 1218.4, 1241.73333333333, 1167.73333333333, 1268.4, 1311.4, 1231.06666666666, 2349.4, 1370, 1340.4, 1263.73333333333, 1255.73333333333, 1264.33333333333, 2370.06666666666, 1228.4, 2356.73333333333, 2398.06666666667, 129.066666666666, 183.4, 1379.26666666666, 1237.4, 136.4, 1329.13333333333, 3480, 145.066666666667, 158.866666666667, 1314.8, 143.066666666667, 1330.06666666667, 144.733333333333, 1200.4, 178.066666666666, 1324.73333333333, 154.066666666666, 3473.73333333333, 144.733333333333, 3453.86666666666, 1306.06666666667, 1367.06666666667, 145.733333333333, 172.733333333333, 1186.06666666667, 
30.4, 34.2, 1201.2, 44.0666666666668, 44.0666666666668, 230.933333333333, 2442.4, 1231.73333333333, 2366.06666666666, 2365.73333333333, 1316.73333333333, 2319.4, 2330.4, 1274.06666666667, 2406.4, 2361.06666666667, 1302.06666666667, 2368.73333333333, 2379.4, 1253.73333333333, 2430.73333333333, 2484.4, 1249.73333333333, 3470.4, 1257.73333333333, 1268.06666666667, 1262.4, 1280.06666666667, 1285.86666666666, 1358.06666666667, 1252.06666666667, 1249.73333333333, 3443.06666666666, 134.733333333333, 1342.4, 1310.73333333333, 2434.73333333333, 3464.4, 1265.06666666667, 155.333333333333, 1398.73333333333, 1344.73333333333, 3419.06666666666, 1369.4, 2310.06666666666, 1384.4, 2395.4, 143.733333333333, 1289.73333333333, 1240.4, 1352.46666666667, 195.733333333333, 1254.4, 1270.73333333333, 1272.6, 1367.73333333333, 1351.4, 1255.4, 1269.06666666667, 2348.73333333333, 1288.6, 2406.73333333333, 1323.8, 2301.4, 2334.06666666666, 3445.73333333333, 2406.06666666667, 2403.06666666666, 1266.4, 1202.06666666667, 3413.06666666667, 2389.06666666666, 1347.73333333333, 1269.86666666667, 1320.4, 1225.4, 1249.06666666666, 1243.66666666667, 1254.66666666666, 4590.06666666666, 2433.4, 2352.06666666667, 4535.73333333333, 1310.33333333333, 1344.73333333333, 1286.4, 1219.73333333333, 2348.33333333333, 1287.06666666666, 1316.06666666667, 2325.4, 1217.66666666666, 2421.86666666666, 2376.06666666666, 1279.06666666666, 1298.4, 1329.4, 1327.73333333333, 1277.86666666666, 1239.73333333333, 140.733333333333, 1256.4, 93.4, 1247.06666666666, 1341.8, 1241.06666666666, 1238.4, 147.733333333333, 152.4, 1239.06666666666, 1255.33333333333, 2320, 1225.4, 2399.4, 1339, 1205.4, 1274.66666666667, 1230.33333333333, 1208, 1357.4, 142.4, 1373.13333333333, 1310.46666666666, 1208.73333333333, 142.666666666667, 
26.8, 26.8, 34.2, 1328.46666666667, 2388.73333333333, 1241.13333333333, 1276.53333333333, 1249.73333333333, 1310.73333333333, 1256.06666666667, 2436.73333333333, 2332.73333333333, 4580.13333333334, 3452.06666666666, 1219.73333333333, 3414.06666666667, 1210.06666666666, 1246.4, 105.733333333333, 1324.66666666667, 2381.4, 1327.73333333333, 2397.4, 1269.73333333333, 1222.4, 1227.73333333333, 1307.73333333333, 2331.4, 1255.06666666667, 2363.66666666666, 1262.4, 173.733333333333, 1300.4, 1341.06666666666, 2407.66666666666, 2421.73333333333, 3489.73333333333, 1333.06666666666, 3501, 1265.73333333333, 1373, 1394.2, 151.066666666666, 3584.59999999999, 2477.73333333333, 182.866666666666, 145.4, 2413, 1301.4, 151.666666666667, 207.333333333333, 152.066666666666, 147.733333333333, 2372.66666666666, 1285.73333333333, 107.733333333333, 2363.06666666666, 1339.13333333333, 1246.73333333333, 1300.4, 1224, 1252.73333333333, 119.933333333333, 2410, 196.4, 178.666666666667, 1202.4, 1328.33333333333, 2372.66666666666, 2397.86666666667, 1262.4, 1241.33333333333, 2350.73333333333, 1359.93333333333, 2330.73333333333, 1299.73333333333, 143.733333333333, 1335.33333333333, 2441.4, 1369.26666666667, 1280.4, 3419.26666666667, 1234.46666666667, 1268.66666666666, 1264.86666666666, 1345, 3492.79999999999, 127.666666666666, 2342.06666666666, 38.4000000000001, 1194.66666666667, 2397.4, 1251.4, 173.666666666667, 225.533333333333, 1335.06666666667, 145.066666666667, 1329.93333333333, 1266.4, 1338.06666666666, 1196.73333333333, 1223, 153.4, 3469.06666666666, 1220.4, 2362.06666666667, 1263.4, 1277.06666666666, 1308.13333333333, 1321.73333333333, 1308.4, 1394, 1243.66666666667, 226.533333333333, 1249.33333333333, 3583.39999999999, 2388.66666666666, 1360.4, 2350.4, 1246.73333333333, 1211.4, 1298.4, 1223.06666666666, 1156.4, 4693.53333333333, 
2377.4, 68.4000000000001, 1154.4, 2392.06666666667, 68.4000000000001, 149.8, 1274.4, 149.8, 72.4, 87.0666666666667, 146.066666666666, 123.733333333333, 150.866666666667, 68.4000000000001, 210.8, 71.4, 92, 1216.73333333333, 34.2, 34.2, 96.0666666666667, 108.2, 2411.06666666666, 1257.06666666666, 1315.53333333333, 1271.73333333333, 2441.66666666666, 1307.73333333333, 1270.6, 185.733333333333, 1329.06666666667, 1269.4, 130.733333333333, 79.0666666666667, 1242.66666666666, 3421.06666666667, 1263.73333333333, 115.933333333333, 82.0666666666667, 2364.06666666667, 1324.4, 1258.73333333333, 1215.4, 1304.73333333333, 1286.73333333333, 2404.46666666666, 1246.4, 2368.06666666667, 1236.73333333333, 41.0666666666667, 109.4, 1263.4, 1315.13333333333, 119.6, 189.133333333333, 4645.73333333333, 1297.8, 1244.06666666666, 1240.4, 1296.46666666667, 2457.06666666666, 1311.73333333333, 1246.4, 181.733333333333, 1231.73333333333, 1283.06666666667, 3525.06666666666, 1315.73333333333, 1352.13333333333, 1364.8, 1351.4, 146.733333333333, 177.333333333333, 1263.06666666666, 1333.73333333333, 1371.33333333333, 1241.4, 2408.4, 2340.73333333333, 1198.06666666667, 1195.4, 1261.4, 1332.4, 1177.06666666667, 1249.06666666667, 129.733333333333, 2309.06666666667, 1358.66666666667, 2453.06666666667, 3458.46666666666, 1245.06666666666, 1267.06666666666, 1243.73333333333, 170.933333333333, 1256.4, 2396.06666666667, 1233.06666666666, 1410.46666666666, 1219.73333333333, 1319.26666666667, 134, 1220.06666666666, 1221.06666666667, 150.733333333333, 1363.73333333333, 1302.06666666666, 144.133333333333, 1239.4, 2296.73333333333, 2330.4, 1284.06666666667, 132.066666666667, 150.4, 1359.73333333333, 148.866666666667, 1325.66666666666, 1272.4, 1281.73333333333, 1344.73333333333, 142.066666666666, 2507.73333333333, 2328.4, 149.066666666666, 1208.4, 1349.73333333333, 
26.8, 34.2, 34.2, 102.466666666667, 1291.73333333333, 179.466666666667, 115.4, 115.4, 286.266666666666, 1336.4, 1284.66666666667, 1299.8, 1216.13333333333, 1275.46666666667, 2345.73333333333, 1309.06666666666, 1235.26666666667, 157.066666666667, 1307.73333333333, 1252.4, 1267.06666666667, 1246.4, 1302.4, 1325.06666666667, 1258.73333333333, 1263.4, 2406.46666666666, 1305.2, 1335.73333333333, 1351.2, 1228.4, 59.7333333333336, 3503.4, 151.4, 1330.73333333333, 1307.8, 4670.06666666666, 1355.73333333333, 1293.06666666667, 159.4, 1341.06666666667, 2394.06666666666, 1344.4, 1272.4, 1234.46666666667, 2342.4, 1258.4, 141.733333333333, 1254.4, 1342.4, 147.733333333333, 1369.2, 2392.4, 1269.4, 1405.86666666666, 1208.4, 1247.06666666666, 57.0666666666669, 2434.93333333333, 1265.06666666666, 1253.06666666667, 1324.06666666667, 1271.06666666667, 129.4, 1309.73333333333, 1221.73333333333, 1315.4, 131.4, 1271.06666666667, 1375.06666666667, 2321.73333333333, 2392.46666666666, 2444.86666666666, 125.4, 1341.06666666666, 1368.73333333333, 1270.73333333333, 1249.73333333333, 2382.73333333333, 1258.06666666666, 149.066666666666, 1310.13333333333, 147.733333333333, 2309.06666666667, 143.733333333333, 2292.66666666666, 1301.06666666666, 1256.06666666667, 1260.4, 145.4, 1237.73333333333, 3467.06666666667, 203.8, 1266.73333333333, 2383.06666666666, 1282.4, 1246.4, 1282.46666666667, 1301.06666666667, 1238.4, 1307.8, 1277.06666666667, 149.733333333333, 1226.4, 1269.66666666666, 3504.4, 3449.73333333333, 1311.73333333333, 149.4, 1254.06666666667, 1287.73333333333, 2366.73333333333, 1253.06666666666, 1254.06666666667, 1379.06666666667, 162.666666666667, 1271.73333333333, 3555.73333333333, 1385.13333333333, 1311.73333333333, 1360.33333333333, 2395.46666666666, 1252.4, 2359.4, 141.333333333333, 
26.8, 34.2, 34.2, 34.2, 34.2, 34.2, 34.2, 34.2, 34.2, 34.2, 34.2, 34.2, 34.2, 34.2, 34.2, 34.2, 34.2, 34.2, 34.2, 34.2, 34.2, 34.2, 34.2, 34.2, 34.2, 34.2, 34.2, 34.2, 34.2, 34.2, 34.2, 34.2, 34.2, 57.4, 35.7333333333333, 1216.06666666666, 2354.06666666667, 111.733333333333, 2389.73333333333, 1184.06666666667, 2358.73333333333, 1271.73333333333, 115.733333333333, 2355.73333333333, 2447.06666666666, 134.8, 4545.73333333333, 1222, 2321.73333333333, 1257.73333333333, 1262, 112.066666666667, 2359.73333333333, 1278.73333333333, 1328.4, 3531.26666666666, 1283.4, 1253.73333333333, 1250.66666666667, 2389.66666666666, 1334.4, 1325.06666666667, 1223.4, 2356.2, 1276.4, 114.4, 1238.4, 2442.33333333333, 1293.73333333333, 1280.66666666666, 1279.73333333333, 1283.73333333333, 1266.73333333333, 1300.6, 3468.06666666666, 1232.73333333333, 2367.8, 1290.6, 1306, 1257.06666666666, 1284, 1302.73333333333, 1274.06666666667, 1286.4, 1316.6, 1312.4, 113.066666666666, 1305.73333333333, 1307.46666666667, 1331.73333333333, 2413.4, 1250.4, 2430.06666666666, 1261.06666666666, 179.6, 72.4, 1261.73333333333, 1223, 1329.8, 1204.4, 2390, 2332.06666666667, 2420.06666666666, 1231.4, 1275.06666666667, 1232.73333333333, 1344.06666666667, 2435, 1335.4, 1233.73333333333, 164.533333333333, 1262.06666666666, 1272.06666666667, 2325.33333333333, 1330.73333333333, 1253.66666666667, 1258.4, 1299.06666666667, 1244, 1343.06666666667, 2386.73333333333, 1326.66666666667, 3444.39999999999, 1351.06666666667, 1308.53333333333, 
48.7333333333334, 167.4, 133.4, 1253.06666666667, 129.066666666666, 1334.73333333333, 129.733333333333, 1250.4, 203.6, 1265.4, 4576.06666666666, 1239.73333333333, 1242.06666666666, 3595.73333333333, 1305.06666666667, 150.866666666667, 1282.4, 2444.73333333333, 1309.4, 1296.4, 1286.2, 1240.4, 1268.73333333333, 1348.4, 145.6, 1316.73333333333, 1366.73333333333, 1229.4, 1334.93333333333, 1277.33333333333, 2330.73333333333, 1355.13333333333, 1268.73333333333, 1300.4, 1260.4, 2273.06666666667, 1250.4, 1232.06666666667, 1237.06666666667, 2394.06666666667, 1240.73333333333, 1242.06666666666, 1262.73333333333, 176, 1282.4, 1249.73333333333, 1210.06666666667, 1189.4, 3448.73333333333, 1221.4, 2418.06666666666, 1245.06666666667, 1224.66666666667, 3458.73333333333, 1246.4, 1261.33333333333, 1267.06666666666, 1338.73333333333, 1284.73333333333, 3552.39999999999, 2247, 1346.06666666667, 3561.93333333333, 210.8, 2401.53333333333, 1269.4, 180.2, 163.4, 1276.4, 2303, 2448.73333333333, 1282.4, 1329.73333333333, 3470.73333333333, 1349.73333333333, 1338.8, 165.733333333333, 2469.6, 1217.73333333333, 2406.06666666666, 1275.73333333333, 3493, 1318.73333333333, 1361.4, 4546.06666666666, 1295.73333333333, 1315.06666666667, 3382.39999999999, 2369.73333333333, 2440.93333333333, 1264.4, 2318.06666666666, 1350.66666666666, 1278.06666666667, 1235.66666666666, 2422.06666666666, 1336.06666666667, 1215.33333333333, 1261.73333333333, 1313.86666666666, 1306.46666666667, 1239.73333333333, 1254.4, 1258.73333333333, 250.733333333333, 1256.53333333333, 1262.73333333333, 1215.73333333333, 2327.73333333333, 1239.73333333333, 1235.73333333333, 1283.13333333333, 1221.73333333333, 130.8, 1327.73333333333, 1298.4, 150.066666666666, 1205.4, 1337.73333333333, 2454.13333333333, 2348.06666666667, 1263.73333333333, 1295.33333333333, 2403.66666666666, 1241.73333333333, 
31.4, 47.0666666666667, 34.7333333333333, 37.0666666666667, 1329.06666666667, 1287.4, 1244.4, 1234.73333333333, 1332.73333333333, 1275.33333333333, 1257.4, 112.733333333333, 1269.73333333333, 4568.73333333333, 1231.73333333333, 1301.06666666666, 2338.06666666667, 158.066666666667, 2400.26666666666, 1213.4, 1323.73333333333, 2461.73333333333, 1265.73333333333, 2374.73333333333, 1362.4, 2332.66666666667, 1240.73333333333, 2360.06666666666, 1351.4, 1242.73333333333, 1261.73333333333, 2306.06666666666, 3463.73333333333, 1245.06666666666, 1233.73333333333, 1283.4, 1267.33333333333, 2400.73333333333, 1197.4, 1300.4, 1243.4, 1266.73333333333, 1257.4, 1381.26666666667, 2338.06666666666, 1259.06666666666, 1318.4, 1250.06666666667, 1245.06666666667, 75.4, 2329.06666666666, 3608.8, 3526.73333333333, 1216.4, 3436.39999999999, 106.8, 1361.73333333333, 2346.06666666666, 1308.13333333333, 2473.86666666666, 1288.4, 1224.4, 1357.73333333333, 1305.06666666666, 1259.06666666667, 1263.73333333333, 1314.06666666667, 4629.39999999999, 1271.73333333333, 159.133333333333, 1289.53333333333, 2412.8, 1294.73333333333, 212.133333333333, 1257.06666666666, 1276.53333333333, 177.866666666667, 2438.73333333333, 1256.4, 1318.4, 126.466666666667, 1353.73333333333, 149.466666666667, 2418.06666666667, 2379.4, 1301.73333333333, 113.066666666666, 4646.4, 2402.26666666666, 1267.06666666666, 1321.4, 113.066666666666, 116.4, 3499.86666666666, 2438.39999999999, 1293.66666666667, 1220.06666666667, 1222.06666666666, 3515.8, 2389.06666666667, 109.066666666666, 1329.4, 1242.73333333333, 3484.4, 123.4, 2358.06666666666, 1225.73333333333, 173.333333333333, 58.4000000000002, 1269.8, 126.066666666667, 1276, 1306.4, 167, 217.066666666667, 1190.66666666666, 145.266666666667, 158.733333333333, 166.333333333333, 137.466666666667, 120.066666666667, 1266.66666666666, 1293.73333333333, 1304.73333333333, 2345.46666666666, 
26.8, 34.2, 34.2, 34.2, 1249.4, 165.466666666667, 1268.06666666666, 1226.73333333333, 2392.06666666666, 1188.06666666667, 1245.4, 1265.8, 2311.4, 1222.06666666667, 1247.73333333333, 2359.73333333333, 137, 2483.06666666667, 114.733333333333, 1321.73333333333, 1259.06666666666, 123, 1264.46666666667, 1292.06666666667, 1223.06666666667, 2378.4, 1259.4, 1194.73333333333, 116.4, 1303.2, 1313.8, 199.466666666667, 1220.4, 231.666666666667, 2320.06666666666, 2503.73333333333, 2334.06666666666, 5654.39999999999, 175.4, 1380.4, 1280.8, 1256.06666666666, 1218.06666666666, 1337.73333333333, 107.4, 2389.4, 2382.66666666667, 1286.06666666666, 1281.4, 147.733333333333, 137.733333333333, 1275.06666666666, 4508.73333333333, 1266.73333333333, 1254.06666666667, 1250.33333333333, 1256.4, 2335.06666666666, 3598.13333333333, 1324.13333333333, 1319.73333333333, 1252.73333333333, 1248.4, 1307.8, 1255.4, 1263.33333333333, 3482.06666666666, 199.6, 4532.73333333332, 3464.06666666666, 1265.06666666667, 1220.06666666666, 6691.39999999998, 1248.66666666666, 2433.8, 1233.06666666666, 4610.06666666667, 1273.06666666667, 61.7333333333334, 219.666666666667, 1281.4, 1191.06666666667, 1180.4, 2373.4, 1297, 114.733333333333, 1277.06666666666, 1216.06666666667, 117.4, 1269.73333333333, 1282.4, 1237.4, 2402.73333333333, 1304.4, 1203.4, 1335.86666666667, 118.4, 1299.8, 1233.4, 1319.86666666666, 1216.73333333333, 1245.73333333333, 1344.13333333333, 1258.73333333333, 1217.06666666666, 1240.06666666666, 1323.73333333333, 1333.73333333333, 2356.39999999999, 1244.06666666667, 2316.06666666666, 1250.4, 1277.06666666667, 1346.2, 1211.73333333333, 116.733333333333, 1341.73333333333, 1191.73333333333, 3463.4, 4554.06666666665, 1235.06666666667, 2350.73333333333, 2388.06666666666, 2295.4, 107.733333333333, 
54.4, 34.2, 65.8000000000001, 1298.53333333333, 1329.4, 2412.73333333333, 1238.8, 1265.4, 3509.26666666666, 2315.73333333333, 129.533333333333, 5744.73333333332, 2324.4, 4620.06666666667, 1262.06666666667, 1218.4, 2374.73333333333, 1306.4, 116.4, 2332.4, 109.066666666667, 2422.4, 117.066666666667, 1272.4, 1325, 1323.06666666667, 1323.86666666667, 1335.4, 1243.4, 1265.46666666666, 1303.73333333333, 170.8, 283.733333333333, 1292.06666666666, 112.4, 3525.4, 1325.73333333333, 2365, 1240.4, 1267.06666666666, 1203.73333333333, 2394.06666666666, 1285.06666666667, 1211.06666666666, 125.4, 1315.06666666667, 1306.4, 1302.06666666667, 1289.4, 1252.06666666666, 2319.4, 1235, 1235, 2376.4, 1269.73333333333, 1275.73333333333, 1286.06666666667, 1247, 1343.4, 1371.06666666666, 1282.2, 1292.53333333333, 1266.73333333333, 3488, 1260.73333333333, 2386.4, 1222.06666666667, 1245.73333333333, 1268.66666666666, 1245.4, 1325.73333333333, 1270.4, 1207.06666666666, 171.133333333333, 1316.06666666667, 1351.06666666666, 159.4, 1258, 204.733333333333, 1269.06666666666, 3538.06666666667, 1381.8, 1273.13333333333, 1212.93333333333, 146.733333333333, 146.4, 139, 163.733333333333, 1170.06666666667, 1273.73333333333, 145.4, 2455.53333333333, 2374.06666666667, 2348.39999999999, 214.8, 2470.66666666666, 2408.13333333333, 1220.4, 234.333333333333, 1272.73333333333, 1345.33333333333, 1247.06666666667, 1325.66666666667, 2486.4, 1230.66666666667, 1354.4, 2409, 2386.06666666667, 1256.4, 141.4, 2290.73333333333, 1284.06666666666, 1256.06666666666, 2439.46666666666, 1353.06666666667, 227.533333333333, 1272.73333333333, 2429.66666666666, 1338.4, 3490.93333333333, 1335.66666666666, 202.8, 181.466666666667, 2334.4, 2495.06666666666, 
26.8, 34.2, 34.2, 34.2, 34.2, 34.2, 34.2, 34.2, 34.2, 34.2, 34.2, 34.2, 34.2, 34.2, 34.2, 52.7333333333335, 1217.06666666666, 1231.06666666667, 3446.73333333333, 1322.06666666666, 2417.4, 1245.73333333333, 142.066666666667, 2388.06666666667, 4559.66666666666, 2441.73333333333, 1249.4, 109.066666666666, 2431, 1257.66666666667, 129.066666666666, 1324.06666666667, 1290.73333333333, 1319.93333333333, 1257.66666666666, 2407.06666666666, 175.4, 3462.33333333333, 183.4, 2452.4, 1231.73333333333, 2289.06666666667, 139.066666666667, 1272.4, 148.066666666666, 1268.73333333333, 1237.06666666666, 2468.73333333333, 1304.73333333333, 1358.6, 1228.73333333333, 1252.4, 1253.33333333333, 77.7333333333334, 1322.73333333333, 178.266666666667, 1338.8, 160.733333333333, 1241.06666666667, 2429.4, 1390.4, 1311.73333333333, 1202.4, 1188.73333333333, 187.733333333333, 1275.4, 192.733333333333, 1356.4, 1335.26666666666, 1285.8, 3510.06666666666, 1225.66666666667, 1257.06666666667, 133.733333333333, 2456.8, 1256.06666666666, 1207.06666666666, 179.6, 1224.66666666666, 1276.4, 118.2, 87.4, 67.7333333333334, 1283.33333333333, 1306.4, 1264.06666666667, 1352.4, 2274.93333333333, 117.733333333333, 1341.26666666667, 1340.6, 160, 1257.06666666666, 1230.4, 176.733333333333, 137.333333333333, 1329.26666666666, 1312.4, 139, 139, 1266, 1206.4, 1311.06666666666, 158.466666666667, 1357.06666666667, 131.866666666667, 1297.73333333333, 155.066666666666, 175.4, 1222.66666666666, 1354.4, 147.4, 184.866666666667, 1227, 1251.06666666666, 2388.73333333333, 1217.53333333333, 129.4, 1341.4, 1343.8, 1201.73333333333, 146.4, 1354, 1227.73333333333, 1326.66666666667, 
40.4, 67.0666666666667, 1279.4, 1349.93333333333, 1220.73333333333, 2441.73333333333, 1233.4, 1279.93333333333, 2395.4, 1291.8, 1314.53333333333, 1293.06666666666, 145, 1269.73333333333, 1309.4, 1215.73333333333, 1257.13333333333, 113.066666666666, 1319.73333333333, 140.066666666666, 1261.06666666667, 1298.73333333333, 144.4, 2459.73333333333, 1236.4, 2383.8, 1355.26666666666, 1255.06666666667, 2354.4, 3512.73333333333, 2339.73333333333, 1218.4, 2339.53333333333, 1328.73333333333, 1251.4, 2380.06666666666, 1342, 2434.4, 2475, 1299.73333333333, 1358.06666666666, 139, 2406.33333333333, 3565.19999999999, 203.6, 1308.46666666667, 1330.06666666667, 2470.66666666666, 1273.06666666667, 1209.4, 1243.4, 2348.73333333333, 126.866666666667, 1262.73333333333, 160.8, 1351.4, 2348.73333333333, 142.4, 1338.66666666666, 1277.66666666667, 161.4, 2437.73333333333, 1249.33333333333, 1248.4, 1253.2, 2258.86666666666, 1253.06666666666, 1194, 1279.86666666667, 2434.06666666667, 3548.33333333333, 221.533333333333, 2429.6, 1311.73333333333, 1227.73333333333, 1231.66666666667, 1316.53333333333, 1295, 142.4, 152.733333333333, 169.133333333333, 1267.73333333333, 2402.73333333333, 1268.73333333333, 2383.2, 2389, 142.4, 2357.06666666666, 1192.33333333333, 142.4, 1231.73333333333, 143.4, 153.066666666666, 142.4, 155.066666666666, 241.6, 276.333333333333, 222.066666666667, 139, 148.733333333333, 1294.4, 151.733333333333, 1263.66666666667, 227.533333333333, 303, 149.4, 2497.13333333333, 283, 1204.66666666667, 1275.66666666666, 1208.73333333333, 283, 162.066666666666, 185.333333333333, 145.733333333333, 1243.06666666667, 149.066666666666, 158.666666666666, 236.266666666667, 147.733333333333, 1337.73333333333, 1356.06666666667, 193.733333333333, 158.666666666666, 230.2, 
26.8, 34.2, 34.2, 34.2, 34.2, 34.2, 34.2, 34.2, 34.2, 116.4, 46.4000000000002, 3483.06666666666, 1281.8, 3499.93333333333, 2413.4, 1304.4, 3464.06666666666, 1306.13333333333, 1253.73333333333, 1333.06666666666, 1253.4, 1265.06666666667, 1277.73333333333, 156.4, 1222.06666666666, 1260.4, 1243.73333333333, 1265.06666666666, 1291.06666666667, 1244.06666666667, 1285.73333333333, 2366.06666666666, 1277.06666666666, 1216.4, 1268.33333333333, 1221.73333333333, 1319.33333333333, 1308.4, 3542.73333333333, 1282.53333333333, 1287.4, 3541.2, 1223.66666666666, 75.3333333333333, 1272.4, 2331.06666666666, 1293.4, 2353.73333333333, 138.066666666666, 129.733333333333, 2470.06666666666, 2292.06666666666, 172.733333333333, 1360.4, 1242.6, 150.066666666666, 1316.13333333333, 148.733333333333, 1217.73333333333, 1268.4, 2370.06666666667, 138.133333333333, 1379.8, 2420.73333333333, 1256.06666666666, 1348.66666666666, 1338.4, 3537.06666666666, 1349.73333333333, 146.4, 142.4, 1336.73333333333, 1248.8, 1313.4, 145.4, 146.066666666667, 142.4, 1215.06666666666, 1289.06666666667, 3430.73333333333, 145.4, 192.133333333333, 245, 1233.33333333333, 2370.73333333333, 1275.06666666667, 2396.73333333333, 1296.6, 1330.06666666666, 2322.73333333333, 193.333333333333, 142.4, 171.533333333333, 142.4, 162.066666666666, 181.466666666667, 2379.2, 1279.06666666666, 2303.4, 1251.33333333333, 1319.06666666666, 1276.4, 1219, 1275.73333333333, 2459.73333333333, 175.4, 1274.33333333333, 1365.73333333333, 1335.66666666667, 1254.4, 1263.73333333333, 2404.66666666666, 3502.39999999999, 2389.4, 2375.6, 1270.73333333333, 63.4000000000001, 1311.4, 1258, 1310.4, 1231.4, 3492.06666666666, 1259.06666666667, 1310, 4576.13333333334, 
26.8, 34.2, 34.2, 34.2, 34.2, 35.0666666666667, 126.533333333333, 2315.73333333333, 1292.73333333333, 1283.06666666666, 2422.4, 2276.73333333333, 3508.06666666666, 2422.4, 1318, 2400.4, 1297.33333333333, 1294.46666666667, 1244.73333333333, 164.266666666667, 2329.4, 1261.06666666667, 1264.4, 1286.46666666667, 1257.4, 131.733333333333, 1293.73333333333, 2362.73333333333, 1269.06666666667, 3470.4, 1294.73333333333, 2373.66666666666, 2442.4, 1327.2, 3476.73333333333, 4657.13333333332, 4559.4, 1253.4, 119.4, 1341.4, 1193.06666666667, 4547, 1245.06666666667, 1265.06666666667, 4631.19999999999, 1317.2, 1359.13333333333, 1221.06666666667, 1259.73333333333, 1253.4, 2354.86666666666, 1263.86666666667, 1330.73333333333, 1268.06666666667, 2387.6, 1256.4, 2343.4, 1214.4, 1299.06666666667, 1300.26666666666, 2379.2, 2436.4, 4564.73333333332, 145.4, 1320.4, 1266.73333333333, 1292.66666666666, 187.333333333333, 1297.06666666667, 1269.33333333333, 1243.06666666667, 1256.33333333333, 1284.4, 1389.53333333333, 3448, 1281.06666666667, 2338, 1263.06666666667, 1257.06666666666, 1239, 2411.39999999999, 1269.06666666667, 3450.06666666667, 186.866666666667, 1305.8, 1197.73333333333, 1217.73333333333, 246.133333333333, 2332.73333333333, 1259.4, 1259.4, 1202.73333333333, 1272.4, 1266.13333333333, 1302.53333333333, 1311.73333333333, 3468.66666666667, 1313.06666666666, 1217.73333333333, 166.133333333333, 1341.06666666667, 1237.66666666666, 108.733333333333, 182.866666666667, 4521.06666666666, 1282.73333333333, 1338.4, 2416.06666666666, 1327.4, 1271, 2443.73333333333, 1287.06666666666, 1275.06666666666, 4568.73333333333, 3352.06666666666, 1295.06666666667, 1284.4, 1234.06666666667, 166.066666666666, 1289.06666666667, 1230.4, 2427.73333333333, 1230.33333333333, 2357.73333333333, 2314.13333333333, 
28.4, 92.4666666666667, 93.4, 1275.06666666666, 213.066666666667, 1271.73333333333, 1238.4, 159.6, 1265.4, 3549.73333333333, 1321.73333333333, 1286.4, 2336.2, 1270.46666666667, 1269.26666666666, 1305.06666666667, 192, 1272.73333333333, 1181.06666666667, 1307.73333333333, 3490.73333333333, 1279.06666666667, 1259.06666666666, 1268.06666666667, 1256.53333333333, 1363.4, 2417.4, 1291.4, 122.4, 178.933333333333, 159.4, 2375.4, 1255.06666666667, 1159.73333333333, 1330.4, 2379.06666666667, 1321.06666666666, 2369.33333333333, 1235.06666666666, 2335, 1357.06666666667, 3482.73333333333, 1245.73333333333, 1332.4, 1311.8, 1231.4, 1237.4, 144.733333333333, 1365.4, 1252.4, 41.4000000000002, 43.0666666666668, 82.0666666666667, 1189.06666666666, 3550.4, 141.733333333333, 2426.06666666667, 2339.06666666666, 1340.73333333333, 1263.06666666666, 3583.06666666666, 4591, 1281.8, 77.4, 1200.06666666666, 130.8, 1272.4, 164.733333333333, 130.066666666666, 1312.06666666667, 1203.4, 2291.73333333333, 30.7333333333333, 224.866666666667, 2341.73333333333, 2405.06666666666, 1345.06666666666, 2340.4, 2291.06666666666, 1298.4, 1312.06666666667, 2479.73333333333, 1243.06666666666, 1306.13333333333, 142.4, 1339.06666666667, 2388.73333333333, 3487.73333333333, 235.066666666667, 1246.06666666667, 192.2, 2361.73333333333, 141.733333333333, 1226.73333333333, 49.7333333333335, 1365.73333333333, 166.866666666667, 2382.2, 111.4, 1271.06666666667, 5695.06666666666, 45.4000000000001, 1290.46666666667, 1264.4, 204.133333333333, 1345.06666666666, 1265.8, 138.733333333333, 2342.4, 1258.4, 1292.33333333333, 1242.06666666667, 2282.79999999999, 1253.06666666667, 1279.2, 44.7333333333334, 62.4000000000002, 5658.53333333333, 91.5333333333333, 135.466666666667, 3466.06666666667, 118.133333333333, 82.0666666666667, 2367.73333333333, 3399.06666666666, 
44.7333333333334, 34.2, 103.733333333333, 238.4, 2343.4, 1325.4, 1271.13333333333, 1261.06666666667, 1262.33333333333, 1267.06666666666, 1333.73333333333, 1288.73333333333, 1252.46666666667, 2362.73333333333, 1273.4, 77.0666666666667, 1268.06666666667, 172.266666666667, 2322.39999999999, 1209.06666666666, 116.4, 2417.06666666666, 111.733333333333, 1273, 1204.73333333333, 1274.13333333333, 1285.93333333333, 2375.4, 1253.06666666666, 2450.06666666666, 1258.4, 1373.73333333333, 2431.06666666667, 3495.4, 1212.4, 1225.06666666667, 2452.33333333333, 154.066666666666, 1214, 143.733333333333, 2401.4, 1338.4, 1288.46666666667, 1151.4, 188.2, 1215.4, 3499.2, 3494.39999999999, 158.733333333333, 1176.73333333333, 180.066666666666, 1278.73333333333, 139.066666666667, 1367.53333333333, 1287, 2305.8, 2413.73333333333, 1238.06666666667, 1203.73333333333, 1220.06666666666, 205.666666666667, 215.466666666667, 1260.4, 129.733333333333, 1322.73333333333, 169, 160.733333333333, 1243.06666666666, 1231.8, 116.4, 2390.66666666667, 1318.06666666667, 123.066666666666, 180, 1351.86666666666, 143.733333333333, 1336.06666666667, 186.066666666666, 226.466666666667, 263.8, 226.466666666667, 1339.73333333333, 178.066666666666, 146.066666666666, 148.733333333333, 179.666666666666, 138.4, 1194.06666666666, 1298.4, 135.733333333333, 1191.73333333333, 1258.06666666667, 2466.73333333333, 1361.06666666666, 1255.06666666666, 2354.4, 2362.06666666667, 1336, 1261.33333333333, 3439, 1308.06666666667, 1293.4, 1253.33333333333, 2415.4, 1314.6, 226.466666666667, 140.733333333333, 1233.73333333333, 2446.73333333333, 287.133333333333, 1261.73333333333, 2320.4, 1248.06666666667, 1268.73333333333, 1328.53333333333, 2450.73333333333, 1211.4, 2291.4, 1254.73333333333, 3529.8, 5695.06666666666, 1260.66666666666, 2366.13333333333, 1265.93333333333, 141.4, 
38.4, 47.4000000000002, 59.7333333333334, 182.866666666666, 1288.86666666666, 2488.53333333333, 1341.8, 1227.66666666666, 1311.4, 1220.73333333333, 142.4, 1211.73333333333, 132.066666666667, 1262.06666666666, 1279.06666666667, 1286.06666666667, 1242.4, 2317.4, 2401.73333333333, 2387.06666666666, 112.066666666667, 1295.4, 1357.4, 139.066666666667, 1252.4, 1303.13333333333, 1298.4, 2440.06666666666, 1261.06666666667, 1242.73333333333, 1335.73333333333, 1243.06666666666, 1322.4, 113.733333333333, 204.066666666667, 1276.73333333333, 1209.73333333333, 2454.73333333333, 119.733333333333, 1250.73333333333, 1314.06666666667, 1297.4, 1348.4, 2359.73333333333, 1281.73333333333, 1332.6, 1240.4, 2485.66666666666, 1235.06666666666, 2380.4, 1282.73333333333, 1272.13333333333, 1287.06666666667, 180.733333333333, 1262.4, 1301.4, 1238.73333333333, 2400.06666666667, 1240.13333333333, 1229.4, 1289.93333333333, 1246.06666666666, 1332.73333333333, 1237.4, 186.066666666666, 2448.06666666667, 1257.73333333333, 3639.46666666666, 1351.73333333333, 1206.4, 1329.93333333333, 179.4, 253.8, 1246.73333333333, 1254.73333333333, 3500.73333333333, 264.4, 2401.06666666666, 1357.4, 246.733333333333, 146.733333333333, 1354.46666666666, 1350.53333333333, 1279.4, 174.8, 142.4, 1268.4, 183.2, 1318.53333333333, 1229.4, 1326.73333333333, 210.333333333333, 1327.4, 1188.4, 1265.73333333333, 3531.73333333333, 1302.4, 1371.93333333333, 2356.33333333333, 144.066666666667, 1309.33333333333, 1249.46666666667, 1387.06666666667, 1311.06666666666, 1328.06666666667, 1229.73333333333, 2420.73333333333, 1264.73333333333, 1341.06666666666, 136.4, 1354.4, 1279.73333333333, 1327.4, 1261.06666666667, 2333.73333333333, 1261.4, 145.733333333333, 1356.06666666667, 1256.4, 1261.06666666667, 1355.06666666666, 1227.73333333333, 1253.4, 1271.33333333333, 1267.73333333333, 
26.8, 34.2, 51.7333333333335, 222.266666666667, 1351.2, 1224.4, 1309.06666666667, 1259.73333333333, 1220.06666666667, 1256.73333333333, 2326.66666666666, 1268.4, 1238.4, 1289.06666666667, 1253.4, 1259.4, 1239.73333333333, 1189.4, 1300.73333333333, 1243.13333333333, 1222.4, 2316.06666666666, 1268.4, 1247.73333333333, 3483.06666666666, 1258.4, 117.4, 2341.06666666666, 1266.4, 2264.73333333333, 141.533333333333, 1300.4, 2427.53333333333, 1195.4, 2397.06666666666, 1269.06666666666, 130.866666666667, 2380.06666666666, 1327.4, 1315.13333333333, 3411.06666666667, 1281.06666666667, 2412.06666666667, 1267.4, 1289.46666666666, 1287.06666666667, 1318.73333333333, 1321.73333333333, 1237.66666666666, 3434.86666666666, 68.4000000000001, 93.4, 1247.4, 1235.73333333333, 1212.73333333333, 142.533333333333, 1336.4, 2372.06666666666, 1307, 1316, 1250.2, 1252.4, 2376.06666666666, 115.066666666667, 1265.73333333333, 1308.4, 144.066666666667, 3441.06666666667, 4698.06666666666, 1227.06666666667, 2373.4, 116.066666666666, 1299.46666666666, 1289.33333333333, 131.6, 1266.06666666667, 2354.06666666667, 1257.73333333333, 2452.73333333333, 1204.73333333333, 1262.4, 1167.4, 163.533333333333, 2380.6, 1309.73333333333, 1236.4, 150.066666666666, 1236.33333333333, 1255.73333333333, 1259.73333333333, 2347.46666666666, 1318.8, 1231.06666666667, 156.533333333333, 1246.4, 164.066666666667, 1300, 111.066666666666, 1271.13333333333, 1247.4, 113.8, 113.466666666667, 192.333333333333, 3547.73333333333, 1269.06666666666, 2349.06666666666, 1240.4, 138.066666666667, 1302, 225.666666666667, 1289.73333333333, 1262, 1231.4, 115.466666666667, 1297.73333333333, 2300.06666666667, 1226.4, 2286.26666666666, 169.133333333333, 1195.33333333333, 1330.73333333333, 2371.4, 1291.13333333333, 129.4, 1297.06666666667, 
27.0666666666666, 34.2, 109.4, 175.4, 1243.4, 1280.66666666667, 1303.73333333333, 1255.06666666667, 1334.73333333333, 2461.13333333333, 1204.06666666667, 61.0666666666669, 1200.06666666666, 1250.06666666667, 1266.4, 1329.86666666666, 3497.06666666667, 3462.73333333333, 1271.33333333333, 193, 2325.73333333333, 1272.4, 1243.73333333333, 171.2, 1265.13333333333, 227.466666666667, 3422.73333333333, 2331.4, 2300.06666666666, 2416.06666666666, 1315.06666666666, 1270.4, 1321.26666666667, 1298.4, 103.733333333333, 1271.73333333333, 1253.33333333333, 3422.39999999999, 1322.73333333333, 2263.4, 1278.66666666666, 1226.4, 1334.33333333333, 1268.66666666666, 170.066666666667, 3481.4, 1262, 1235.73333333333, 3469.73333333333, 1341.26666666666, 1222.4, 2360.73333333333, 1272.66666666667, 1329.06666666666, 1294.4, 142.733333333333, 1345.13333333333, 4591.4, 1200.06666666667, 1256.4, 1278.06666666667, 4624.2, 1223.06666666667, 2354.4, 140.066666666666, 1397.86666666667, 1204.73333333333, 1246.73333333333, 2391.6, 3498.33333333333, 1209.73333333333, 140.066666666666, 129.066666666666, 1266.73333333333, 1240.33333333333, 2511, 2481.13333333333, 1280.4, 1388.8, 1245.4, 1265.4, 2360.73333333333, 1251.06666666667, 1353.46666666666, 202.8, 1265.06666666666, 142.4, 1304.06666666667, 3532.06666666666, 1333.86666666666, 1255.73333333333, 1296.33333333333, 1222.06666666666, 1236.4, 203, 1288.73333333333, 1237.06666666666, 3448.4, 109.4, 1253.26666666667, 1214.4, 2413.73333333333, 112.4, 1338.73333333333, 1280.4, 1228.73333333333, 180.133333333333, 1281.73333333333, 1319.4, 97.0666666666664, 143.133333333333, 102.4, 105.733333333333, 2375.4, 2332.06666666666, 1313.06666666666, 163.4, 1261.73333333333, 1358.53333333333, 2475.06666666666, 1254.06666666667, 1263.33333333333, 136.133333333333, 1335.73333333333, 1166.4, 

