196, 2295.46666666666, 18424.4000000001, 117875.33333333, 71117.3999999992, 89915.3999999982, 36817.8666666664, 164008.666666675, 164137.266666675, 88832.7999999984, 163156.333333341, 138763.799999998, 164174.666666675, 164254.666666675, 164428.000000008, 
156.733333333333, 182.066666666667, 193.4, 137.733333333333, 1156.73333333333, 1200.06666666666, 1189.4, 132.4, 1152.06666666667, 168.066666666667, 137.066666666667, 137.4, 1273.06666666667, 2249.73333333333, 191.466666666667, 3493.2, 5586.06666666666, 6572.93333333333, 197.466666666667, 3523.93333333333, 203.733333333333, 5633.39999999999, 2373.4, 3519.4, 3432.33333333333, 2426.4, 4618.33333333333, 3453.46666666666, 11081.8666666667, 5659.13333333332, 3390.53333333333, 18823.7333333334, 34128.133333333, 165160.666666675, 116573.399999997, 77278.1333333321, 104428.799999997, 165222.666666675, 164678.666666675, 164882.333333342, 
214.733333333333, 4511.39999999999, 163758.933333342, 163760.000000008, 163233.333333341, 
139.066666666667, 1155.33333333333, 39801.2666666663, 126728.066666663, 29747.3999999998, 140834.866666666, 163390.333333342, 52929.0666666661, 163265.933333342, 163375.666666675, 73449.6666666656, 40777.7333333329, 164424.666666675, 164072.333333341, 164206.666666675, 
1199.2, 141.066666666666, 172.066666666666, 1199.4, 5602.39999999999, 2387.73333333333, 152.066666666667, 1211.46666666666, 163888.600000008, 163859.666666675, 61209.3999999996, 164349.333333341, 1280.4, 7792.93333333331, 123336.599999996, 164674.666666675, 164582.333333342, 164523.333333342, 
139.066666666667, 156.733333333333, 241.4, 176.4, 147.4, 176.733333333333, 141.4, 144.733333333333, 185.066666666667, 1212.13333333333, 137.733333333333, 148.733333333333, 146.4, 136.4, 1174.33333333333, 2218.06666666667, 180.4, 237.4, 152.4, 136.4, 239.266666666667, 140.4, 165.4, 142.066666666667, 186.066666666667, 1212.4, 136.4, 209.733333333333, 162.4, 162.4, 1194.73333333333, 1160.06666666667, 141.4, 1155.4, 136.4, 237.066666666667, 144.733333333333, 224.4, 1218.06666666666, 146.066666666667, 227.4, 1190.4, 165.066666666667, 138.4, 226.066666666666, 136.4, 136.4, 217.066666666666, 217.066666666666, 151.4, 136.733333333333, 142.066666666667, 1228.8, 2301.06666666666, 151.733333333333, 151.4, 151.733333333333, 136.733333333333, 1127.06666666666, 165.066666666667, 185.066666666667, 1181.46666666667, 1201.8, 217.4, 1256.4, 23258.2666666666, 6679.53333333332, 79885.733333332, 163618.666666675, 164009.000000008, 164994.000000008, 
153.066666666667, 175.733333333333, 201.6, 2411.8, 1322.6, 8979.26666666667, 163783.000000008, 164524.266666675, 165834.333333341, 
2228.86666666666, 244.4, 115516.399999997, 163261.333333342, 164154.666666675, 164488.666666675, 
169.066666666667, 19767.4, 22107.4666666666, 163763.000000008, 164193.600000008, 163731.666666675, 
135.6, 269.266666666666, 146.133333333333, 164439.000000008, 165068.333333342, 164874.000000008, 
1178.4, 4500.46666666666, 100618.733333331, 165724.333333342, 166189.933333342, 165089.000000008, 
34.8, 152.733333333333, 130.733333333333, 134.066666666667, 133.4, 141.4, 132.733333333333, 200.066666666666, 158.066666666667, 138.066666666667, 141.4, 176.733333333333, 134.066666666667, 200.066666666666, 208.733333333333, 134.733333333333, 141.4, 134.066666666667, 159.733333333333, 207.733333333333, 145.733333333333, 134.733333333333, 210.4, 153.066666666667, 156.4, 211.4, 208.066666666666, 208.4, 173.733333333333, 149.4, 197.066666666667, 194.4, 193.4, 146.066666666667, 148.733333333333, 132.733333333333, 153.066666666667, 174.4, 138.733333333333, 208.4, 1131.4, 196.733333333333, 132.733333333333, 145.4, 197.066666666667, 142.066666666667, 170.733333333333, 133.4, 210.066666666667, 132.733333333333, 199.066666666666, 138.733333333333, 198.733333333333, 133.4, 132.4, 204.4, 134.733333333333, 174.4, 153.733333333333, 197.066666666667, 148.066666666667, 149.066666666667, 148.733333333333, 153.4, 196.4, 133.4, 176.4, 132.4, 193.066666666666, 1134.06666666667, 1129.73333333333, 132.733333333333, 199.4, 196.733333333333, 153.733333333333, 159.733333333333, 142.733333333333, 153.066666666667, 150.066666666667, 142.733333333333, 134.066666666667, 189.066666666667, 201.066666666667, 213.066666666667, 153.066666666667, 170.733333333333, 187.733333333333, 134.733333333333, 162.733333333333, 138.066666666667, 152.4, 1102.73333333333, 189.733333333333, 134.733333333333, 189.4, 205.066666666666, 138.733333333333, 202.733333333333, 149.4, 132.4, 141.733333333333, 134.733333333333, 189.733333333333, 191.733333333333, 134.066666666667, 174.4, 134.066666666667, 194.733333333333, 159.4, 149.4, 163.066666666667, 2210.4, 190.066666666667, 200.733333333333, 138.733333333333, 163.066666666667, 134.733333333333, 132.733333333333, 153.733333333333, 134.066666666667, 146.066666666667, 134.733333333333, 149.4, 163.066666666667, 134.066666666667, 
140.733333333333, 181.066666666667, 176.866666666667, 144.733333333333, 183.4, 156.066666666667, 155.4, 180.733333333333, 170.466666666667, 179.066666666667, 174.066666666667, 187.4, 198.733333333333, 5520.19999999999, 164891.333333342, 164548.666666675, 104193.533333331, 137420.466666665, 164800.333333342, 164907.000000008, 164856.666666675, 
143.4, 4529.79999999999, 186.066666666667, 6664.19999999998, 7778.39999999999, 9972.40000000002, 10941.0666666667, 4513.06666666666, 155.8, 15345.5333333335, 123740.399999997, 165486.000000008, 164440.266666675, 164493.333333341, 
181.466666666667, 142.733333333333, 150.733333333333, 147.4, 147.4, 168.066666666667, 168.066666666667, 149.733333333333, 2197.73333333333, 161.066666666667, 137.066666666667, 158.066666666667, 145.066666666667, 137.066666666667, 1141.73333333333, 217.4, 2250.73333333333, 134.733333333333, 2266.86666666666, 131.733333333333, 1157.4, 1166.73333333333, 215.066666666666, 2259.06666666666, 150.733333333333, 1145.73333333333, 1147.06666666667, 147.733333333333, 144.4, 161.4, 151.733333333333, 161.4, 139.4, 143.066666666667, 208.4, 137.4, 171.066666666667, 213.733333333333, 143.4, 158.4, 135.066666666667, 161.066666666667, 183.066666666667, 213.066666666667, 2303.4, 2275.4, 161.066666666667, 162.066666666667, 143.066666666667, 192.066666666667, 167.733333333333, 1228.73333333333, 144.066666666667, 1149.06666666667, 161.733333333333, 211.733333333333, 164.4, 164.733333333333, 175.733333333333, 235.4, 161.733333333333, 144.4, 234.4, 235.4, 175.733333333333, 136.733333333333, 135.066666666667, 1210.06666666667, 237.066666666667, 165.4, 210.733333333333, 220.4, 142.733333333333, 182.733333333333, 179.066666666667, 1128.4, 168.066666666667, 138.4, 160.066666666667, 132.4, 134.066666666667, 147.066666666667, 159.733333333333, 159.066666666667, 189.4, 225.066666666667, 214.066666666666, 134.733333333333, 134.066666666667, 134.066666666667, 161.733333333333, 175.733333333333, 194.733333333333, 137.066666666667, 1141.4, 141.733333333333, 139.066666666667, 226.066666666666, 161.733333333333, 134.733333333333, 232.733333333333, 210.733333333333, 164.4, 134.066666666667, 205.4, 2259.4, 136.733333333333, 1129.06666666667, 1155.4, 1173.73333333333, 151.4, 1135.73333333333, 1200.26666666667, 134.733333333333, 143.066666666667, 151.733333333333, 215.4, 208.4, 201.066666666667, 161.733333333333, 175.733333333333, 155.066666666667, 136.733333333333, 1192.06666666667, 136.066666666667, 
69.3999999999999, 4498.06666666666, 12948.0666666668, 2397.73333333333, 69047.1333333326, 24139.6666666665, 163608.000000008, 163093.933333342, 163733.000000008, 
295, 1356.4, 1153.4, 165068.333333341, 40013.8666666662, 165031.333333342, 165568.000000009, 165587.000000009, 
258.866666666667, 179.066666666666, 13382.4666666668, 164142.600000009, 164470.333333341, 164221.333333341, 
129.733333333333, 9011.8, 1386.53333333333, 165974.666666675, 164387.333333342, 164273.000000008, 
1108.06666666667, 33745.5999999996, 61194.6666666663, 36294.4666666664, 37345.5333333329, 164996.933333342, 164717.666666675, 165074.666666675, 
6692.46666666665, 9920.06666666669, 163546.333333341, 164997.000000008, 165650.000000008, 
1287.8, 201.733333333333, 121401.999999996, 163430.666666674, 163945.333333341, 164118.666666675, 
3332.06666666666, 1153.13333333333, 2214.73333333333, 14028.5333333335, 14376.1333333335, 31079.4666666664, 14490.0666666668, 163386.666666675, 58077.3999999996, 163963.666666675, 163565.933333341, 164545.000000008, 
26.8, 26.8, 90.7333333333333, 194.066666666667, 59405.4666666663, 11195.5333333334, 13387.4000000001, 164379.000000008, 164127.666666675, 41979.733333333, 46192.6666666663, 107764.933333329, 102040.666666663, 4839.53333333332, 53631.8666666661, 168500.066666679, 167743.400000012, 167439.400000013, 
272.933333333333, 312, 2613.86666666666, 40440.5333333329, 134529.399999996, 8077.66666666664, 89598.3999999973, 113432.199999996, 18258.5333333335, 167673.733333345, 164714.533333342, 164250.666666675, 
2428.26666666666, 5725.79999999999, 163730.000000008, 164157.333333341, 163715.333333342, 
187.4, 226.8, 134.733333333333, 237.4, 1291.06666666667, 1243.73333333333, 1303.73333333333, 4576.73333333333, 2397.4, 8983.06666666666, 3406.26666666667, 2302.73333333333, 10018.7333333334, 189.866666666667, 4618.86666666666, 12192.4666666667, 1263.73333333333, 4667.06666666666, 6763.39999999999, 3416.86666666666, 7947.46666666665, 6802.79999999999, 2276.6, 3472.26666666666, 6605.39999999998, 5681.93333333332, 1291.73333333333, 3477.26666666667, 2466.53333333333, 2363.13333333333, 5683.66666666666, 4545.46666666666, 4549.79999999999, 2385.06666666666, 3480.53333333333, 3369.66666666666, 3483.8, 2330.06666666667, 1293.13333333333, 8894.73333333333, 7975.93333333332, 3575.13333333333, 9044.33333333334, 4580.39999999999, 3594.06666666666, 2467.53333333333, 11200.8666666667, 4532.39999999999, 5676.39999999999, 4549.79999999999, 2440.06666666666, 4736.86666666666, 2470, 1323.06666666667, 1294.8, 4664.73333333333, 3548.4, 2366.4, 3463.8, 3531.13333333333, 3446.8, 5690.93333333332, 5610.79999999999, 5746.86666666666, 9983.40000000002, 7826.06666666665, 5811.86666666665, 3436.06666666666, 7863.46666666665, 3555.8, 5657.13333333332, 6915.06666666665, 8909.46666666666, 2342.33333333333, 6858.53333333332, 1350, 4681.46666666666, 5755.19999999999, 6918.39999999999, 3573.73333333333, 1297.06666666667, 11187.4666666667, 2404.6, 9063.13333333334, 5747.53333333332, 8029.99999999998, 5704.06666666666, 3573.26666666666, 1336.86666666666, 6709.39999999998, 11327.8000000001, 1332.4, 4590.66666666666, 1326.73333333333, 6875.73333333332, 5745.66666666665, 3501.8, 4615.2, 3595.06666666666, 5758.19999999999, 4570.8, 4675.46666666666, 5671.13333333333, 14556.7333333335, 1303.2, 2434.66666666666, 6805.66666666666, 1301.13333333333, 5634.06666666666, 3582.4, 4587.39999999999, 3559.53333333333, 4693.79999999999, 12287.1333333334, 1332.4, 8006.73333333332, 3436.66666666667, 10024.4666666667, 2354.06666666666, 1330.73333333333, 2412.2, 2443.46666666666, 2425.4, 4607.46666666666, 3449.26666666666, 
39.2666666666667, 2231.46666666666, 2211.2, 13121.0666666668, 2234.86666666666, 6597.19999999999, 9185.73333333334, 74412.0666666657, 46112.733333333, 165251.000000009, 164655.000000008, 164884.000000008, 
169.733333333333, 148.4, 184.066666666666, 260.733333333333, 1176.4, 172.133333333333, 2293.4, 4413.33333333333, 1183.73333333333, 1177.06666666667, 1267.06666666666, 2468.73333333333, 1253.06666666667, 3352.53333333333, 2423.06666666666, 1310.06666666667, 3455.73333333333, 5577.39999999999, 139.066666666666, 2417, 4533.4, 1283.06666666667, 2445.53333333333, 1355.8, 5614.73333333333, 231.533333333333, 3588.73333333333, 3519.6, 2357.73333333333, 1323.4, 7913.93333333332, 1310.4, 4647.99999999999, 1355.4, 2410.53333333333, 4616.73333333333, 4520.06666666666, 178.733333333333, 3516.4, 3506.06666666666, 3515.4, 1346.4, 2468.8, 5723.73333333332, 1330, 2428.06666666666, 4588.66666666666, 2388.4, 3401, 3465.06666666666, 4618.8, 1309.46666666666, 2342.4, 1275.4, 3557.86666666666, 3604.2, 1256.73333333333, 2504.4, 1350.66666666667, 2380.13333333333, 1262.73333333333, 1319.33333333333, 2423.33333333333, 1279.73333333333, 3561.53333333333, 2497.13333333333, 2455.06666666666, 3563.73333333333, 1264.73333333333, 1271.4, 1315.73333333333, 1329, 1253.06666666667, 1341.06666666667, 2414.73333333333, 2474.2, 1269.4, 1281.06666666667, 1351.73333333333, 1351.46666666667, 1304, 1355.06666666667, 6811.99999999999, 4527.06666666666, 2408.4, 3550.73333333333, 1292, 1352.2, 2423, 1356.46666666667, 1299.06666666667, 1339.93333333333, 3600.73333333333, 1392.93333333333, 2453.26666666666, 2388.06666666666, 1259.33333333333, 2456.46666666666, 1226.13333333333, 1298, 1404.66666666666, 4733.46666666666, 2336, 1281.4, 3505.93333333333, 1359.26666666667, 2285.73333333333, 1334.86666666667, 6885.46666666665, 1313.33333333333, 3548.06666666666, 2416.93333333333, 1328.73333333333, 3490.4, 1247.4, 1308.93333333333, 1251.33333333333, 2373.4, 3466.06666666666, 1353, 2331.33333333333, 2463.4, 212.8, 2403.06666666666, 5703.66666666666, 
1063.4, 52739.3333333328, 164774.666666675, 139567.133333333, 164652.000000008, 15409.0666666668, 164643.333333341, 12104.8666666668, 137483.933333331, 164995.666666674, 53964.9999999996, 164383.666666675, 28627.2666666664, 163970.266666675, 164340.666666675, 164324.000000008, 
3464.6, 164203.266666675, 165332.666666676, 164673.333333342, 
135.866666666667, 16579.2000000001, 163853.000000009, 162903.000000009, 165871.000000008, 
162.4, 164314.666666676, 164360.600000008, 164583.666666675, 
164145.333333342, 163837.000000009, 163848.666666674, 
31899.4666666663, 71417.5333333325, 137644.199999998, 163479.933333341, 99300.0666666644, 164611.000000008, 163192.666666674, 75780.8666666654, 164772.333333342, 163951.666666675, 53851.5333333329, 21004.2, 10066.0666666667, 21096.7333333333, 38578.9999999996, 87671.5333333317, 118496.466666663, 80196.0666666652, 12312.4000000001, 165014.666666675, 92304.399999998, 164546.000000008, 46326.4666666663, 164981.000000008, 164386.266666675, 149592.000000003, 19909.7333333334, 163567.333333342, 163947.333333342, 110922.866666664, 164193.000000008, 164108.333333341, 12298.8000000001, 53899.3999999996, 115227.93333333, 87298.7333333315, 19962.2000000001, 161667.466666674, 56330.3999999994, 163033.333333341, 163764.333333341, 163664.333333341, 
64145.7333333332, 164091.933333342, 163728.333333342, 164377.666666675, 
191.8, 45531.7333333329, 165384.666666675, 19040.5333333334, 71563.3333333325, 46383.7999999995, 164094.333333342, 164417.266666675, 163642.000000007, 
82036.8666666651, 163888.000000008, 164223.666666675, 163984.333333342, 
163408.333333342, 164317.933333341, 163310.000000008, 
142.733333333333, 117498.066666662, 163168.333333341, 132720.733333329, 39922.733333333, 32370.7999999997, 90935.7333333314, 1355.46666666666, 68419.1333333327, 89937.4666666648, 77000.7999999989, 59378.3999999996, 31901.0666666664, 131541.399999996, 165051.333333342, 72509.0666666657, 81688.0666666654, 75270.3333333321, 147447.200000002, 164588.000000008, 164201.000000008, 163016.266666675, 
145.4, 10160.8666666667, 163484.666666675, 164693.000000008, 163027.666666675, 
162746.666666675, 163185.000000008, 163422.600000008, 
1344.4, 9073.53333333333, 3454.86666666666, 5677.46666666666, 56101.0666666661, 97357.7999999973, 164440.333333342, 4758.86666666666, 36608.8666666663, 13442.4666666668, 58537.3333333328, 56989.8666666663, 79189.7999999988, 130014.199999996, 164453.333333342, 29678.7333333331, 9082.86666666667, 163995.933333342, 70397.7333333324, 79075.7999999985, 163947.000000008, 85169.4666666649, 24346.4666666666, 152480.400000004, 87800.3999999985, 76808.5333333322, 163563.666666675, 163854.933333342, 163400.000000008, 
163261.333333341, 100535.133333331, 163753.666666676, 146542.066666668, 163598.666666675, 164027.600000008, 163768.333333341, 
6797.86666666665, 162757.666666675, 163573.333333341, 164655.666666675, 
163994.000000008, 163903.666666675, 141733.333333333, 163338.000000008, 164315.333333342, 164740.000000008, 
18856.7333333334, 4685.46666666666, 165363.333333342, 163687.000000009, 164156.600000008, 
72937.1999999991, 163564.333333342, 48308.8666666662, 32329.133333333, 50676.0666666662, 164428.666666675, 24522.9999999999, 85504.0666666648, 165261.000000009, 115285.73333333, 163204.933333341, 43868.733333333, 164237.333333342, 44158.5999999996, 164137.333333342, 78213.8666666654, 22176.7333333333, 164247.333333342, 162950.666666675, 163751.666666674, 
51343.733333333, 163996.333333341, 166320.666666675, 163564.333333341, 
163751.333333341, 163933.000000008, 163782.000000008, 
22272.4, 109613.599999997, 30891.4666666664, 164484.333333342, 164780.333333342, 164905.333333341, 
42718.1999999996, 149371.066666669, 163668.666666675, 165486.266666676, 166048.666666675, 
163856.000000009, 113095.399999996, 164815.000000008, 164731.000000008, 164030.666666675, 
189.733333333333, 163898.266666675, 163514.333333341, 163819.333333342, 
164278.333333342, 165091.000000008, 165089.000000008, 
2474.33333333333, 3470.06666666666, 163778.333333341, 155567.000000005, 163425.333333341, 163724.000000008, 163473.333333341, 
156726.400000005, 163598.333333341, 162878.266666675, 162872.666666675, 
4557.06666666666, 42780.7333333329, 163750.666666675, 164111.000000008, 163444.000000008, 
2478.13333333333, 164185.333333342, 164801.000000008, 163822.933333341, 
6894.93333333332, 39624.0666666663, 30947.0666666664, 19734.5333333334, 164842.666666675, 163138.333333341, 162831.000000008, 

