33066.6666666663, 39651.2666666663, 23137.1999999999, 164346.666666675, 164905.333333342, 164724.266666675, 
1257.73333333333, 206.066666666666, 2272.06666666666, 1204.4, 2336.53333333333, 3579.4, 2440.33333333333, 1305.06666666667, 4432.73333333333, 5800.46666666665, 3557.06666666666, 228.733333333333, 209.066666666666, 1324.46666666666, 2393.66666666666, 1343.8, 2429.06666666666, 15635.2666666668, 3391.73333333333, 4654.4, 4640.59999999999, 2375.06666666666, 3533.4, 1308.4, 193.4, 2491.4, 2352.73333333333, 4476.46666666666, 3568.73333333333, 3485.73333333333, 212.4, 2363.4, 209.066666666666, 2481, 3480.66666666666, 2341.8, 225.066666666667, 2232.4, 2363.4, 2425.73333333333, 209.066666666666, 1283.4, 1278.06666666667, 4544.53333333333, 3496, 3541.73333333333, 3430.06666666666, 248.466666666666, 1289.73333333333, 1324.66666666666, 2241.73333333333, 2405.66666666666, 1272.46666666667, 4613.86666666666, 1263.4, 2281.06666666666, 2404.4, 4679.19999999999, 4617.86666666666, 2398.06666666666, 1309.13333333333, 3500.06666666666, 6750.06666666665, 2342.26666666666, 5674.46666666666, 202.4, 3589.6, 3424.4, 3457.73333333333, 2393.4, 1300.4, 3513.39999999999, 4626.73333333333, 2424.13333333333, 2386.06666666666, 3468.73333333333, 2313.06666666667, 250.066666666666, 236.066666666667, 1301.4, 3489.73333333333, 1425.93333333333, 1248.06666666667, 3565.8, 3434.06666666666, 2407.06666666667, 3527.73333333333, 3502.4, 2314.06666666666, 4466.73333333333, 5601.99999999999, 1300.4, 3477.13333333333, 2425.33333333333, 2406.06666666666, 225.733333333333, 212.4, 2402.4, 2412.73333333333, 2430.06666666666, 2339.06666666666, 6889.39999999999, 2429.4, 233.733333333333, 1270.4, 4714.73333333333, 2496.66666666666, 2401.73333333333, 2429.6, 1267.73333333333, 2325.73333333333, 4466.73333333333, 3598.06666666666, 2436.73333333333, 1368.8, 2328.73333333333, 5787.13333333332, 3380.4, 2435, 2422.06666666666, 4635.73333333333, 3428.4, 4732.4, 2372.4, 1325.8, 
158.733333333333, 2462.66666666666, 4586.8, 5755.93333333332, 164642.333333342, 96164.4666666643, 155145.466666672, 164544.666666675, 165072.600000008, 112419.399999996, 123130.866666662, 51890.3999999994, 163413.000000008, 87980.3999999982, 67940.1999999995, 151120.000000004, 124396.333333329, 31912.9999999997, 9120.33333333333, 33288.9999999997, 163319.000000008, 6870.39999999999, 112014.73333333, 1351.4, 137016.066666665, 6818.73333333332, 59669.1999999993, 75980.5333333322, 18974.1333333334, 86192.9999999982, 17783.0666666668, 8027.06666666665, 91864.0666666646, 164296.000000008, 163300.333333341, 163954.666666675, 
80.5333333333333, 128.4, 1202.46666666667, 1222.53333333333, 2481.26666666666, 3566.06666666666, 6775.13333333332, 23219.2666666666, 75612.7999999988, 128509.133333329, 164680.666666675, 164973.000000008, 164495.333333342, 
270.333333333333, 1374.93333333333, 63681.1333333329, 163276.800000008, 151414.133333337, 12224.1333333334, 79196.0666666654, 133944.73333333, 119626.599999997, 163885.600000008, 164906.933333342, 25719.5999999999, 6872.06666666665, 164440.333333342, 138062.333333332, 85646.0666666651, 164159.600000009, 120224.066666663, 89945.2666666648, 24211.3999999999, 48272.0666666662, 145422.933333335, 150633.066666669, 163640.333333341, 163587.600000008, 164008.600000009, 
74.8000000000001, 2398.73333333333, 3475.06666666667, 163389.000000008, 11280.0666666667, 164325.333333342, 164695.866666675, 165448.933333341, 
184.733333333333, 4515.4, 2386.66666666666, 164204.933333342, 164118.333333342, 69111.066666666, 165369.200000008, 165611.533333342, 165347.666666675, 
205.466666666666, 2425.93333333333, 5657.46666666666, 124627.733333329, 165810.666666675, 164017.733333342, 164485.666666675, 165498.933333342, 165480.933333342, 
231.666666666667, 2349.4, 3577.26666666666, 2456.33333333333, 2366.73333333333, 4543.73333333333, 2380.66666666666, 2421, 2203.66666666666, 2409.73333333333, 2340.33333333333, 5663.06666666666, 4548.06666666666, 2408.73333333333, 1296.06666666667, 3418.73333333333, 2337.26666666666, 3537.4, 2375.73333333333, 5653.4, 9109.73333333333, 5827.99999999999, 3437.73333333333, 4635.6, 2410.73333333333, 2383.73333333333, 11079.7333333334, 3499.13333333333, 2386.33333333333, 4708.33333333333, 2369, 11110.7333333334, 3476.73333333333, 3561.46666666666, 2324.86666666666, 4583.99999999999, 2352.06666666666, 13431.0666666668, 7831.13333333332, 2382.06666666666, 5645.73333333333, 2362.73333333333, 3484.4, 6759.66666666666, 2495.33333333333, 4648.33333333333, 4606.73333333333, 2362.73333333333, 1290.33333333333, 4499.66666666666, 1310.06666666667, 1309.4, 3377.4, 4684.06666666666, 6772.33333333332, 2302.4, 9005.4, 5591.26666666666, 9963.2666666667, 6838.39999999999, 2304, 6884.46666666665, 2389.06666666666, 5613.39999999999, 2458.8, 6778.39999999999, 4589.06666666666, 1293.73333333333, 3518.4, 6678.59999999999, 1305.4, 6747.99999999999, 5713.73333333332, 1292.33333333333, 7790.73333333332, 1318.06666666667, 29926.9999999998, 22197.8, 4566.13333333333, 3536.06666666666, 7964.26666666665, 27640.2666666665, 16590.7333333335, 11177.7333333334, 15547.3333333335, 4645.19999999999, 17755.4000000001, 23125.7999999999, 28654.7999999997, 39707.6666666662, 6812.53333333332, 13357.5333333334, 81377.4666666653, 62792.8666666661, 2450.4, 34260.7333333331, 27670.4666666665, 33191.0666666664, 5610.79999999999, 14509.6666666668, 66475.6666666661, 61179.6666666664, 96389.9999999975, 59376.9333333329, 106418.733333331, 92598.5999999979, 27545.7999999998, 52427.9999999994, 86996.1999999986, 5862.33333333332, 1352.46666666666, 30102.2666666665, 10176.6666666667, 51551.1333333329, 10145.1333333334, 19908.1333333334, 41798.3999999996, 60980.9999999993, 125157.999999996, 6868.46666666665, 43170.9999999996, 163781.666666675, 67817.1999999995, 24465.1999999999, 77698.733333332, 
164426.666666674, 41055.7999999997, 103767.733333331, 153645.200000004, 164947.000000008, 109955.13333333, 164311.933333341, 164606.666666675, 165104.600000008, 
82.4666666666665, 138555.333333332, 53125.0666666661, 16734.0000000001, 38698.8666666663, 20039, 136049.066666664, 16795.8000000001, 61682.9333333326, 31104.1999999998, 164811.266666675, 76042.6666666656, 5780.06666666666, 96355.7333333311, 116116.999999996, 90305.7999999983, 55177.7999999995, 164336.933333342, 122031.73333333, 3572.2, 163814.266666676, 163834.000000008, 67181.3333333326, 134996.266666664, 47324.933333333, 8929.06666666666, 67974.3999999993, 164047.266666675, 165473.333333342, 165562.000000008, 
186.733333333333, 2410.4, 2387.73333333333, 1234.73333333333, 1284.4, 211.733333333333, 3416.86666666666, 1229.73333333333, 2400.06666666667, 1254.4, 1248.06666666667, 1275.4, 3471.06666666667, 3460.66666666667, 1287.4, 2282, 1256.06666666667, 2412.73333333333, 1252.4, 1233.33333333333, 1256.33333333333, 1299.06666666667, 1256.06666666666, 3569.06666666666, 1254.4, 216.733333333333, 3455.73333333333, 3455.73333333333, 2414.4, 1274.73333333333, 1256.06666666666, 1246, 3500.06666666666, 4573.06666666666, 1255.06666666666, 2416.06666666666, 1253.4, 2361.06666666666, 2473.06666666666, 1254.4, 2355.4, 1258.73333333333, 1285.4, 2401.4, 3526.4, 2356.06666666666, 1255.06666666666, 1255.06666666667, 3522, 1328.13333333333, 1260.33333333333, 1299.73333333333, 2372.26666666666, 220.4, 1200.4, 1277.4, 1260.73333333333, 2353.4, 2403.33333333333, 1253.53333333333, 1252.4, 2291, 2267.73333333333, 1269, 1284.73333333333, 7929.86666666665, 1249.4, 2345.26666666666, 1244.66666666666, 1256.06666666667, 220.066666666666, 217.466666666667, 3495.33333333333, 2404.73333333333, 1247.06666666666, 1215.4, 1299.8, 1304.73333333333, 2445.66666666667, 2346.4, 1328.06666666666, 1249.73333333333, 1252.06666666667, 4655.73333333332, 2420.06666666666, 2400, 2323.86666666667, 3411.73333333333, 2370.4, 217.466666666667, 1251, 1283.46666666666, 2397.4, 3527.4, 3511.93333333333, 2378.06666666667, 1252.4, 1279.06666666667, 1328.06666666667, 2384.66666666666, 1283.53333333333, 1274.06666666666, 2432.86666666666, 2333.73333333333, 219.733333333333, 2440.8, 2396.4, 1255.4, 3479, 1272.73333333333, 1236.06666666666, 2446.73333333333, 2401.06666666666, 2368.4, 1279.06666666666, 4637.33333333332, 1256.33333333333, 1276.33333333333, 2418.86666666667, 1248.4, 1253.06666666666, 2274.06666666666, 2472.6, 1236.46666666667, 1251.4, 
1351.4, 12419.8666666668, 3452.46666666667, 6870.13333333332, 19912.1333333334, 12318.7333333334, 15617.7333333335, 30939.733333333, 14642.8666666668, 42071.2666666663, 18941.4000000001, 101172.333333331, 55072.7333333328, 40597.1999999996, 22119.7333333333, 60600.1333333329, 132110.93333333, 93541.1333333312, 24383.8666666666, 88502.7333333316, 12286.6666666668, 13509.9333333334, 55081.4666666662, 79055.133333332, 38639.3333333329, 54848.1999999995, 164292.600000008, 43115.6666666663, 134859.999999998, 39767.9999999995, 59395.2666666661, 56046.333333333, 99153.5999999981, 23072.0666666666, 82354.0666666652, 22113.6, 39906.6666666663, 22242.2, 88724.8666666651, 69310.799999999, 27561.1333333331, 49597.8666666662, 30830.6666666663, 50946.1333333329, 90048.5999999981, 77226.0666666652, 26655.1999999998, 47394.0666666663, 45104.733333333, 122074.866666663, 98863.5333333309, 25403.4666666665, 63775.7333333328, 14403.0666666668, 5703.53333333332, 61602.7999999994, 86454.1333333314, 34996.733333333, 92079.066666665, 29825.7333333331, 81438.1333333319, 62528.7333333326, 22129.5333333333, 71015.3333333326, 80365.5333333318, 55220.7999999994, 118223.066666663, 86483.9999999983, 14653.8666666668, 71673.5333333322, 29790.5999999997, 53569.9999999995, 57115.1333333329, 19972.6, 42959.9999999997, 159301.33333334, 60452.3333333328, 106618.666666664, 62659.7333333328, 74468.0666666657, 84586.6666666652, 33052.3333333329, 89207.7333333317, 43202.1999999995, 34227.133333333, 95844.9333333313, 34189.6666666663, 50517.1999999996, 39831.1999999996, 15433.4666666668, 103389.866666664, 50589.7333333328, 49610.3999999996, 165000.333333341, 16648.0666666668, 15573.6666666668, 34232.9999999996, 164549.933333342, 10139.4, 137787.333333332, 7928.53333333331, 6865.26666666665, 76030.4666666659, 91354.7999999981, 164745.333333341, 12465.1333333334, 19992.8, 18859.0000000001, 70607.9999999991, 66974.1999999993, 39443.2666666664, 11145.6000000001, 18789.7333333334, 39624.8666666663, 68371.0666666659, 112006.13333333, 97772.8666666646, 27616.0666666665, 14492.0666666668, 105717.733333331, 53875.4666666663, 12331.0666666667, 52524.3999999996, 46177.9999999996, 37130.333333333, 
209.466666666667, 8885.46666666666, 8999.26666666666, 25487.9999999999, 164645.666666675, 164568.533333341, 164550.666666675, 
1207.06666666667, 2381.66666666666, 2440.06666666666, 2469.8, 1365.86666666667, 4516.53333333333, 18805.0666666667, 13441.2666666668, 11198.6000000001, 2428.13333333333, 20070, 2428.8, 4682.93333333333, 3520.06666666666, 6876.99999999998, 5708.86666666665, 14500.6000000001, 18900.1333333334, 1353.8, 2452.13333333333, 4732.86666666666, 12209.0666666667, 6801.73333333332, 32003.733333333, 23086.4666666666, 3468.2, 4675.33333333333, 13386.4666666668, 7917.93333333332, 5717.93333333333, 7893.39999999999, 2469.33333333333, 7780.46666666665, 2537.4, 11221.6000000001, 12387.4000000001, 20949.5333333333, 60485.9999999994, 26550.1333333331, 32091.9999999997, 61985.2666666661, 97716.9999999977, 115170.73333333, 27386.7333333332, 105272.733333331, 22118.8666666666, 136680.866666665, 104357.666666664, 74968.2666666657, 138390.333333332, 23243.9333333333, 49833.3333333328, 103199.066666664, 26645.4666666665, 42788.3999999996, 164317.000000009, 55150.5999999995, 68403.5999999994, 50823.5333333328, 98394.6666666642, 115063.33333333, 40890.733333333, 52464.3999999996, 22291.4666666666, 64024.866666666, 77939.1333333321, 58378.0666666661, 54086.4666666663, 43010.5999999996, 38884.1999999996, 97841.7333333312, 57135.1999999995, 98086.4666666645, 91126.7999999978, 73602.6666666658, 42946.9999999995, 12384.7333333334, 67645.7999999995, 27736.6666666665, 27675.1333333332, 85668.1333333317, 111869.399999997, 5711.13333333332, 45026.0666666663, 17690.3333333335, 45263.4666666663, 50565.0666666662, 36575.0666666663, 30019.1333333331, 21142.8666666667, 83424.7999999985, 76336.799999999, 98701.066666664, 39681.1333333329, 69713.4666666658, 79050.5999999985, 7998.86666666666, 117466.466666663, 50408.9999999995, 135225.866666663, 26743.0666666666, 73674.3999999988, 62641.5999999995, 20057.0666666667, 11233.7333333334, 37263.4666666663, 13513.0666666668, 3512, 8998.46666666667, 110322.066666664, 164977.333333342, 165392.933333342, 165656.666666675, 
218.066666666666, 3466.73333333333, 1399.93333333333, 7895.46666666665, 2394.4, 7829.19999999999, 6890.06666666666, 5635.39999999999, 11133, 3493.73333333333, 2418.53333333333, 12250.2000000001, 3512.73333333333, 6776.06666666665, 36554.733333333, 62930.7333333328, 25336.5333333332, 36319.7999999996, 33176.133333333, 17936.0666666668, 14431.4000000001, 89455.9999999983, 27682.9999999998, 15433.0666666668, 39647.533333333, 71579.799999999, 28705.3999999997, 36542.4666666663, 20120.4666666667, 54262.3333333327, 25215.0666666665, 27848.3333333332, 11123.2666666667, 14476.7333333335, 42159.6666666663, 37444.3333333329, 37253.6666666663, 14603.8000000001, 52758.7999999996, 18953.7333333334, 42097.7999999996, 34350.6666666664, 6859.79999999999, 8964.2, 19042.1333333334, 7866.06666666665, 44081.4666666662, 12229.4000000001, 75131.5999999988, 21027.7333333333, 71815.1333333324, 60479.866666666, 21057.7333333333, 57449.7333333328, 53050.5999999995, 24495.5333333332, 141038.733333333, 61640.3999999994, 21910.8, 3496.26666666666, 12294.3333333334, 44324.5333333329, 61861.4666666661, 8969.2, 38819.2666666663, 1301.06666666667, 12375.0666666667, 12067.1333333334, 29052.5333333332, 25496.0666666665, 65213.066666666, 28854.5333333331, 123878.666666664, 10045.4, 147865.666666669, 66497.7999999993, 49680.1999999995, 14361.7333333335, 4637.59999999999, 5643.73333333332, 7948.46666666665, 98354.1999999977, 74249.3999999989, 165482.333333341, 4569.26666666666, 34334.933333333, 165379.666666675, 18732.7333333334, 28932.0666666665, 6655.46666666665, 165762.333333342, 118050.33333333, 45360.3333333329, 38763.6666666663, 123575.466666663, 90614.3999999984, 165729.000000008, 37428.3999999997, 50601.5333333328, 23259.1999999999, 48944.5333333329, 21036.9333333333, 77238.5333333319, 29828.3999999998, 71865.0666666657, 82916.5999999987, 80639.7999999985, 143112.200000001, 68694.4666666659, 32091.3999999997, 41956.4666666663, 65219.9999999993, 67507.7333333325, 58742.1999999995, 6783.79999999999, 46441.7333333329, 103745.599999998, 48809.1999999995, 97232.799999998, 29880.1999999998, 63143.1333333325, 124831.13333333, 165124.933333341, 10111.8, 95989.4666666648, 
29.0666666666666, 62.7333333333336, 193.8, 166292.000000008, 163758.000000008, 164808.933333341, 
80.7333333333332, 114.4, 4490.39999999999, 2346.13333333333, 1265.06666666667, 3582.73333333333, 4612.06666666666, 4564.06666666666, 4690.39999999999, 3533.46666666667, 5776.73333333333, 2486.13333333333, 3449.6, 1334.13333333333, 9039.06666666666, 2456.4, 7961.99999999999, 7822.33333333332, 2466.06666666666, 1330.73333333333, 2434.33333333333, 2367.73333333333, 1322.33333333333, 5672.39999999999, 3523.06666666666, 3511.73333333333, 3549.33333333333, 1318.46666666666, 1332.66666666667, 201.266666666667, 1256.4, 5730.13333333333, 1282.06666666667, 7891.06666666665, 3513.46666666666, 1241.4, 3574.19999999999, 2312.4, 1306.13333333333, 4674.99999999999, 2344.73333333333, 3497.4, 2348.53333333333, 149.733333333333, 3479.8, 1362.6, 4580.06666666666, 1346, 4601.73333333333, 4560.39999999999, 3583.93333333333, 1242.4, 2411.46666666666, 3485.06666666666, 9073.46666666667, 5689.06666666666, 5814.66666666666, 1349.4, 3440.06666666666, 1302.73333333333, 1369.46666666666, 3563.33333333333, 4622.73333333333, 1177.13333333333, 1337.4, 1243.06666666666, 4625.4, 195.2, 4628.4, 3397.4, 6701.26666666665, 2428.73333333333, 5676.06666666665, 4650.33333333333, 1274.06666666667, 2430.13333333333, 1325.66666666667, 1338.86666666666, 3581.4, 3484.93333333333, 1356.53333333333, 2422, 3426.33333333333, 11228.1333333334, 2407, 2437, 3571.73333333333, 9094.06666666667, 1327.73333333333, 5644.39999999999, 2353.73333333333, 4608.73333333333, 5644.39999999999, 4547.4, 5706.73333333332, 3501.4, 3551.46666666666, 2439, 1325.4, 3536.4, 8009.19999999999, 2427.8, 1336.86666666666, 5741.33333333332, 2364, 5782.86666666665, 3481.93333333333, 3482, 4606.19999999999, 3458.93333333333, 1264.06666666667, 2375, 1254.13333333333, 1245.4, 3448, 2368.4, 1279.06666666666, 2403.13333333333, 5726.99999999999, 3490.4, 3446.4, 5698.19999999999, 23454.8, 17794.4666666668, 4568.13333333333, 
95.4, 6809.53333333332, 4619.06666666666, 164382.000000008, 147399.333333336, 164015.333333341, 164621.666666675, 164591.200000008, 
243.733333333333, 218.4, 251.066666666666, 1363.26666666667, 18748.4666666668, 63658.1333333329, 32709.3333333329, 165243.133333341, 165046.866666675, 129427.866666664, 165319.466666676, 165434.866666675, 165667.066666675, 
235.4, 163330.733333341, 162980.200000008, 25258.5333333332, 163177.666666675, 163002.933333342, 164007.666666675, 
230.133333333333, 257.866666666667, 1207.06666666667, 1259.6, 2373.53333333333, 1230.06666666666, 1302.06666666667, 1252.06666666666, 2392.73333333333, 2494.86666666666, 2332.4, 1203.73333333333, 1204.4, 1230.06666666667, 1212.4, 283.733333333333, 2430.06666666667, 1318.4, 2377.73333333333, 1299.73333333333, 1219.73333333333, 1229.2, 1202.4, 2364.86666666667, 249.066666666667, 1249.4, 257.866666666667, 207.066666666666, 2349.53333333333, 1184.06666666666, 2380.4, 2304.06666666667, 1232.4, 1306.66666666666, 1242.4, 2391.53333333333, 3588.13333333333, 2377.06666666666, 1246.26666666666, 1260.4, 2330.06666666666, 2388.73333333333, 1238.06666666667, 1257.4, 1248.73333333333, 1254.4, 1260.26666666666, 1255.4, 1290.73333333333, 2383.4, 1223.73333333333, 2479.46666666666, 2417.6, 2355.4, 2403.73333333333, 5790.33333333333, 1248, 2414.4, 1243.73333333333, 250.066666666667, 1243.06666666667, 1243.4, 1322.2, 2358.8, 1280.46666666667, 187.733333333333, 3482, 2395.73333333333, 3533.86666666666, 1306, 2421.8, 1306.66666666667, 1261.73333333333, 1252, 2398, 1235.66666666666, 1234, 1281.33333333333, 2266.4, 1249.06666666667, 2334.13333333333, 2327.93333333333, 1239.06666666666, 1254.06666666667, 1250.73333333333, 1270.13333333333, 1256.66666666667, 1236.66666666667, 2358.73333333333, 2398.66666666667, 1246.4, 2385.73333333333, 1254.4, 2331.4, 1253.66666666666, 1409.13333333333, 1335.73333333333, 1255.73333333333, 1230.66666666667, 1335.73333333333, 1250, 2332.06666666666, 1250.33333333333, 1246, 2433.06666666666, 2353.73333333333, 1285.4, 1229, 2403.06666666666, 2298.06666666666, 1313, 2409.4, 1292.13333333333, 220.066666666666, 218.8, 1240.06666666667, 1273.13333333333, 3417.6, 2328.4, 2403.4, 1304.06666666666, 1232.06666666666, 195.466666666667, 3463.4, 2316.73333333333, 
2376.13333333333, 2323.2, 6834.53333333333, 2454.73333333333, 8950.86666666667, 2417.4, 8962.6, 2351.33333333333, 4589.39999999999, 10002.4, 6712.06666666665, 2441.73333333333, 7806.06666666665, 3456.26666666666, 13359.0000000001, 2383.26666666666, 4604.06666666666, 4562.4, 7915.73333333331, 18988.5333333334, 14465.6666666668, 3511, 8998.86666666667, 9013.93333333332, 3511.66666666667, 4613.33333333333, 6879.46666666666, 11043.7333333334, 2281.13333333333, 4660.99999999999, 4598.06666666666, 4725.86666666666, 4504.06666666666, 6755.13333333332, 3465.06666666666, 3468.73333333333, 1291.73333333333, 4626.26666666666, 11120.4, 5665.33333333332, 3484.13333333333, 6799.39999999999, 6848.33333333332, 8965.73333333333, 2385.4, 1300.4, 2394.8, 2300.4, 3479.2, 4543.79999999999, 16498.7333333335, 1299.53333333333, 10049.6, 2432.46666666666, 6672.39999999999, 2479.8, 7928.39999999998, 7851.99999999999, 5623.99999999999, 3446, 3481.46666666666, 1350.2, 4583.06666666666, 4549.66666666666, 3529.73333333333, 1331.86666666666, 16694.5333333335, 5670.06666666666, 3504.73333333333, 5664.59999999999, 5684.73333333332, 1371.93333333333, 11096.4666666667, 16592.7333333335, 3541.4, 3466.66666666666, 2340.46666666666, 4593.4, 7954.06666666666, 4529.66666666666, 3459.73333333333, 4657.53333333333, 4551.06666666667, 3469.4, 22063.3333333333, 10000.4666666667, 2464.2, 242.4, 10126.1333333334, 8954.06666666667, 8997.33333333333, 8956.86666666666, 8973.40000000001, 11185.6000000001, 4498, 2387, 1361.33333333333, 3523.33333333333, 7947.46666666665, 5667.33333333332, 1288.4, 4594.4, 3471.06666666666, 2388.33333333333, 5781.39999999999, 5583.73333333333, 1339.4, 4626.66666666666, 4565.06666666666, 8989.46666666667, 5766.46666666665, 3512.6, 5689.86666666666, 6836.06666666665, 2457.53333333333, 3580.33333333333, 3450.4, 7904.79999999998, 2383.4, 1312.73333333333, 4488.66666666666, 12257.7333333334, 2383.6, 3541.4, 5703.33333333333, 
5689.79999999999, 3511.06666666667, 5646.73333333333, 12335.7333333334, 36450.8666666663, 14647.9333333335, 15549.8666666668, 83362.3333333318, 144285.333333335, 165351.266666675, 165160.533333342, 165139.533333341, 
1200.4, 191.133333333333, 1251.73333333333, 1255.06666666667, 229.4, 1186.33333333333, 1188.4, 1214.06666666667, 1217.4, 1192.06666666667, 1236.4, 1198.33333333333, 1198.73333333333, 1207.06666666666, 298.4, 186.8, 1203.06666666667, 298.4, 206.4, 1223.4, 1354.66666666666, 1208.06666666666, 1208.4, 1217.73333333333, 1281.4, 1203.06666666667, 1258.06666666666, 1237.4, 1250.06666666667, 1205.06666666666, 2346.73333333333, 203.4, 2318.06666666667, 2380.4, 1224.06666666667, 194.4, 2284.06666666667, 2383.06666666666, 1203.4, 208.733333333333, 1222.06666666667, 225.066666666666, 1239.06666666667, 254.533333333333, 206.4, 1213.06666666666, 270.466666666667, 260.333333333333, 1247.73333333333, 218.066666666667, 1305.4, 253.8, 1376.66666666666, 254.533333333333, 2450.06666666666, 1240.73333333333, 1202.93333333333, 254.533333333333, 190.466666666667, 2366.46666666666, 298.4, 1261.73333333333, 298.4, 1204.4, 1252.4, 1344.8, 190.133333333333, 251.4, 221.066666666666, 273.133333333333, 1270.4, 208.4, 1264.73333333333, 279.133333333333, 2316.73333333333, 1256.4, 221.4, 1256.06666666667, 1390.73333333333, 1206.4, 230.666666666667, 1314.53333333333, 217.733333333333, 299.066666666666, 228.066666666667, 1253.06666666667, 1265.4, 230.733333333333, 190.466666666667, 1210.06666666666, 1382.6, 1252.73333333333, 1210, 289.066666666666, 1235.33333333333, 2355.33333333333, 251.4, 1204.06666666667, 218.4, 251.2, 1305.4, 1223.33333333333, 1191.33333333333, 257.866666666667, 2334.06666666667, 289.066666666666, 275.8, 1348.73333333333, 1188.06666666667, 230.733333333333, 298.4, 1311.06666666667, 1328.06666666666, 1184.73333333333, 186.8, 251.066666666666, 2397.46666666666, 221.066666666666, 254.533333333333, 1282.4, 267, 1249.06666666667, 257.2, 1213.06666666667, 1338.53333333333, 
1331.33333333333, 2305, 22261, 3525.2, 14455.0666666668, 58200.1999999996, 164611.533333342, 64120.1333333328, 39836.1999999996, 6868.13333333332, 96695.0666666649, 25639.2666666666, 164440.200000008, 39729.333333333, 18849.1333333334, 9065.86666666667, 16649.3333333335, 67146.2666666662, 165065.333333342, 6853.66666666665, 21141.4, 101053.333333331, 70427.5333333325, 143617.333333334, 69337.3333333325, 164907.000000008, 31988.5999999997, 92027.0666666645, 58056.7999999996, 82350.5333333319, 50566.4666666662, 164506.866666675, 162746.266666674, 164819.066666675, 164747.666666675, 125346.73333333, 29793.1333333331, 128544.933333329, 164711.266666675, 21128.5333333333, 164973.333333342, 62909.2666666661, 150126.133333337, 133985.466666664, 164719.933333342, 115368.199999997, 56299.1333333329, 75614.5999999988, 129848.333333329, 164574.600000008, 43137.733333333, 164741.333333342, 114407.73333333, 75842.7999999986, 15459.6000000001, 164818.266666675, 137066.733333331, 97904.7333333312, 60519.2666666663, 62451.2666666662, 86433.8666666649, 164992.933333342, 115748.666666664, 164522.333333342, 117787.93333333, 72689.4666666656, 132771.266666663, 164612.666666675, 164261.600000008, 78028.9999999988, 103632.733333331, 33137.5999999997, 16757.0000000001, 3602.8, 164916.933333342, 164700.666666675, 14355.4666666668, 36428.7999999997, 104127.399999997, 37567.5333333329, 37410.7999999997, 66073.3999999993, 27642.1999999998, 163931.466666674, 93337.8666666647, 73839.3999999989, 163454.133333341, 164908.666666674, 61611.5999999994, 28858.3333333331, 81023.3333333319, 1289.33333333333, 22216.5333333333, 36359.6666666663, 16588.0666666668, 60667.5999999996, 81056.7333333319, 77931.5999999988, 164453.333333342, 5552.39999999999, 15493.0666666668, 162282.600000008, 35252.333333333, 37586.733333333, 23319.4, 164992.333333342, 10135.3333333334, 108944.866666664, 52961.3999999996, 76015.0666666657, 1389.93333333333, 40662.3999999996, 82070.7333333318, 59585.4666666661, 14442.0666666668, 21126.3333333334, 20070.1333333334, 132795.53333333, 164697.933333342, 164518.933333341, 14550.3333333335, 150859.200000003, 12362.9333333334, 17642.6666666668, 5664.4, 
1319.06666666666, 1209.06666666667, 3496.66666666666, 1224.73333333333, 2374, 1329.06666666667, 252.733333333333, 1314.73333333333, 1227.8, 1236.06666666666, 1253.73333333333, 1225.06666666666, 1278.73333333333, 299.066666666666, 2361.26666666666, 3498.4, 1248.73333333333, 1255.06666666666, 1266.06666666667, 2304.4, 2431.73333333333, 2403.73333333333, 1313.06666666667, 2400.06666666667, 3433.06666666666, 1302.4, 3500.06666666666, 3399.4, 2363.4, 1276.46666666667, 1209.73333333333, 2346.13333333333, 2403.73333333333, 3473.53333333333, 1326.4, 206.4, 219.4, 1251.73333333333, 1253.06666666667, 2470.13333333333, 1292.26666666667, 206.066666666666, 1311.4, 4439.33333333333, 2350.73333333333, 2308.4, 207.066666666666, 1281.06666666667, 1258.33333333333, 1203.4, 2465.06666666666, 2397.93333333333, 1243.06666666666, 1331.73333333333, 1263.06666666667, 2360.4, 3465.73333333333, 1260.06666666666, 1242.06666666666, 1253, 2304.73333333333, 2422.33333333333, 1294.06666666667, 1234.06666666666, 3525.06666666666, 216.733333333333, 1230.4, 233.4, 2406.6, 1244.06666666667, 1335.06666666667, 2388.6, 1274.73333333333, 3459.4, 2418.73333333333, 1285.46666666666, 1263.4, 1292.06666666667, 1253.06666666667, 220.733333333333, 5701.06666666666, 1242.73333333333, 1231.4, 1263.4, 1256.06666666667, 2351.06666666666, 1265.73333333333, 1258.66666666667, 5668.66666666666, 2361.4, 2338.66666666666, 1287, 206.4, 2438.06666666666, 1326.73333333333, 1227.33333333333, 2353.4, 239.333333333333, 1324.6, 1297.06666666667, 1234.73333333333, 1254.06666666667, 1203.66666666667, 1241, 1238.66666666666, 2432, 2409, 1242, 2450.06666666666, 1366.46666666667, 1273.06666666667, 1244.06666666666, 1249, 1285.4, 1264.4, 190.466666666667, 2375, 1282.53333333333, 1222.33333333333, 1256.73333333333, 1292.66666666666, 3561.73333333333, 1376.66666666666, 209.133333333333, 2398.06666666666, 
166.4, 2420.06666666667, 1206.4, 1226.73333333333, 1248.4, 298.4, 1234.4, 1222.33333333333, 1254.66666666667, 257.866666666667, 1204.4, 1322.13333333333, 2376.4, 2318.06666666667, 2396.26666666667, 1241.73333333333, 1256.06666666666, 1241.4, 1210.73333333333, 214.2, 2433.06666666667, 257.866666666667, 2380.73333333333, 1249.8, 1261.06666666667, 1220.4, 1251.06666666666, 1282.06666666666, 1239.73333333333, 3509.06666666666, 1235.4, 2393.06666666666, 1204.06666666667, 1307.46666666667, 1331.73333333333, 2392.06666666667, 2371, 1244.06666666666, 1234.06666666667, 1258.06666666666, 214.066666666667, 222.4, 2419.06666666667, 4535.73333333332, 1252.33333333333, 1375.46666666667, 2422.06666666667, 1362.13333333333, 215.466666666667, 1259.73333333333, 1284, 2306.4, 2435, 1249.73333333333, 1325.73333333333, 1274.33333333333, 1242.06666666666, 1263.8, 295.733333333333, 1330.6, 2370.66666666666, 1291.46666666666, 1265.4, 1247.73333333333, 2353.4, 1207.06666666667, 254.533333333333, 1273.73333333333, 220.066666666667, 222.4, 214.066666666667, 220.8, 230.8, 219.4, 2416.06666666666, 2456.13333333333, 239.666666666667, 2419.4, 1238.06666666666, 3538.46666666666, 215.466666666667, 1202.06666666667, 222.733333333333, 2362.13333333333, 2415.33333333333, 1270.73333333333, 2334, 1264.4, 1276.06666666667, 216.733333333333, 3448.73333333333, 1289.33333333333, 1277.73333333333, 1251.73333333333, 1231.33333333333, 1283.4, 1229.06666666667, 1275, 1215.06666666667, 1152.26666666667, 1242.4, 2342.06666666667, 220.8, 2442.86666666666, 3399.73333333333, 1235, 2359.73333333333, 1229.73333333333, 3416.33333333333, 214.066666666667, 2359.06666666667, 216.133333333333, 1201.66666666666, 1252.4, 1248.66666666667, 1254.73333333333, 3493.4, 1238.73333333333, 2409.33333333333, 2379.4, 1263.4, 1296.06666666667, 2387.66666666666, 1220.4, 1252.06666666666, 
124.533333333333, 209.066666666666, 3561.73333333333, 1288.93333333333, 1291.4, 3472.06666666666, 2418.73333333333, 3519.73333333333, 4471.4, 1228.73333333333, 2364.86666666666, 2456.4, 2219.06666666666, 4590.06666666666, 207.4, 1189.73333333333, 2418.06666666667, 222.4, 5813.99999999999, 2356.73333333333, 2348.06666666666, 1284.73333333333, 2344.4, 2327.86666666666, 2336.73333333333, 2332.26666666666, 4582.13333333333, 4509.06666666666, 3550.06666666666, 1298.06666666666, 1296.06666666666, 2427.4, 1271.93333333333, 2445.06666666666, 2435.66666666667, 1288.06666666666, 1330.73333333333, 2410.06666666667, 2436.4, 219.733333333333, 2384.8, 3501.2, 3477.73333333333, 2337.26666666666, 2420.4, 2428.4, 3514.4, 2448.13333333333, 1301, 2370.66666666666, 1256, 2450.46666666666, 1242.66666666667, 5715.33333333333, 3510.73333333333, 1266.66666666667, 3545.4, 2339, 2370.8, 2405.06666666667, 1245.06666666666, 2375.4, 3500.33333333333, 5780.99999999999, 4687.06666666666, 2353.06666666667, 1236.06666666667, 4577.73333333333, 5621, 4574.19999999999, 1241.06666666667, 1281.4, 2460.46666666666, 1320.4, 5630.99999999999, 2428.06666666666, 3554.4, 1328.66666666666, 2406.13333333333, 1262.4, 3574.06666666667, 1271.66666666666, 3481.06666666666, 3568.33333333333, 2425.06666666666, 4642.66666666666, 2325.4, 2395.4, 1271.06666666667, 3608.86666666666, 2431.06666666667, 1268.06666666666, 2410.4, 1273.06666666667, 3463.66666666666, 4687.66666666666, 2420.73333333333, 3484.06666666666, 1265.06666666667, 2412.66666666667, 3531.13333333333, 1257.06666666667, 1363.06666666667, 1266.73333333333, 2398.46666666666, 1261.86666666667, 1299.73333333333, 2437.4, 2409.39999999999, 1257.06666666666, 4580.93333333333, 1258.73333333333, 1266.06666666666, 238.8, 3542.8, 3490.33333333333, 4546.39999999999, 4644.73333333333, 2373.53333333333, 2420, 207.066666666667, 1284.06666666666, 2412.4, 1260.4, 2415.39999999999, 
179.133333333333, 163448.666666675, 163941.133333342, 164616.000000008, 

