219.133333333333, 10112.4, 1359.2, 164055.000000008, 20107.8, 18913.6000000001, 77153.0666666655, 106370.199999997, 81604.7333333319, 121414.666666663, 49736.8666666661, 78150.7999999988, 48612.8666666662, 106938.133333331, 6845.39999999999, 113264.666666664, 15679.0666666668, 46447.0666666662, 58510.2666666661, 17928.0666666668, 60484.1999999995, 28811.9999999998, 4609.73333333333, 6804.39999999999, 37673.533333333, 99109.4666666644, 57746.1999999994, 3470.46666666666, 29874.8666666664, 40838.0666666663, 1326.13333333333, 9056.93333333333, 5681.39999999999, 11211.8000000001, 63981.0666666662, 88328.7999999982, 12377.9333333334, 33177.133333333, 6890.73333333332, 14510.5333333335, 21113.4, 23278.7333333333, 25592.0666666666, 20025.8, 15550.8666666668, 34197.133333333, 11224.0000000001, 58513.3999999995, 18744.1333333334, 32089.533333333, 17746.8666666668, 124112.799999996, 25352.7333333332, 56389.5333333328, 7832.53333333332, 53066.7333333328, 29932.9999999997, 23423.2, 18916.0666666667, 163533.333333342, 163541.666666674, 164335.666666675, 
287.133333333333, 2449.46666666667, 164174.000000009, 162682.000000008, 4622.46666666666, 15577.0666666668, 37441.3999999996, 61405.8666666661, 72440.0666666658, 41884.733333333, 119150.53333333, 58364.6666666662, 116441.199999997, 164548.666666675, 139773.733333332, 162667.266666674, 163438.666666675, 163735.333333342, 
146.466666666666, 5668.66666666666, 21234, 163533.333333341, 163818.000000009, 163541.333333341, 
101703.199999997, 61791.4666666661, 164293.000000008, 29847.133333333, 61394.0666666663, 164315.666666675, 53831.3999999996, 77796.5999999987, 163973.666666675, 163410.000000008, 164144.666666675, 
84, 13605.8000000001, 163361.333333342, 163937.666666675, 95181.733333331, 163516.333333342, 163837.000000008, 163555.333333341, 
1378.93333333333, 46276.133333333, 163409.600000008, 163832.333333342, 163397.000000008, 
32.0666666666666, 132841.399999996, 163182.666666674, 163082.333333341, 163262.666666674, 
90916.7333333313, 164319.000000009, 127641.799999996, 164298.000000008, 105490.399999997, 78055.133333332, 90131.5333333313, 11200.0666666667, 163145.333333341, 90409.7333333312, 163559.933333342, 8909.73333333333, 163948.000000008, 18798.8000000001, 9994.40000000003, 1316.33333333333, 164065.666666675, 164416.333333341, 91124.4666666647, 35215.5999999997, 27617.9999999998, 164619.333333342, 33003.3999999996, 64694.6666666661, 38502.7999999996, 43068.3999999996, 164525.333333342, 3516.8, 125943.399999996, 70874.7333333328, 163889.333333341, 163085.666666675, 163634.000000008, 
56.1333333333334, 2434.86666666666, 103847.733333331, 163908.933333342, 163804.000000008, 163360.666666675, 
164490.000000008, 163069.000000008, 164179.666666675, 
71.4, 20049.8666666667, 162905.266666675, 163249.000000008, 163165.333333341, 
46.0666666666667, 93.4, 15388.0000000002, 39212.3999999996, 4548.93333333333, 4597.73333333333, 37513.0666666663, 163554.333333342, 163822.666666675, 163911.333333342, 
1353.06666666666, 11075.2000000001, 24402.1333333333, 109085.33333333, 163329.333333341, 163408.666666674, 163418.666666675, 
163504.666666674, 163375.333333341, 163424.266666675, 
25516.3333333332, 13427.6666666668, 54884.0666666662, 163121.666666675, 67631.0666666662, 164539.666666675, 163838.000000009, 163865.666666675, 
31.7333333333333, 63.6, 21921.4666666666, 7806.26666666664, 34161.5999999996, 163253.333333342, 163349.933333341, 163409.666666675, 
131.666666666667, 163240.333333341, 163046.000000008, 163371.666666675, 
199.466666666667, 74667.0666666655, 16580.9333333335, 38531.0666666663, 163883.266666675, 163950.000000009, 163608.666666675, 
24313.3999999999, 102611.466666664, 163085.666666674, 71223.7333333325, 163101.000000008, 163756.000000008, 163367.600000008, 
1274.13333333333, 49380.1999999995, 164633.666666675, 1310.8, 163825.333333341, 164121.000000008, 136996.133333331, 163909.333333342, 163434.266666675, 59016.3999999997, 130945.066666662, 41522.733333333, 163849.000000009, 163311.666666674, 164046.000000008, 
1386.13333333333, 1409.26666666667, 164061.666666675, 163175.266666675, 163429.666666675, 
37370.133333333, 24416.0666666666, 163733.000000008, 62653.3999999996, 21396.7333333333, 42843.0666666662, 168760.400000013, 44217.8666666662, 2580.33333333333, 163833.066666675, 28545.0666666664, 33036.3999999997, 72553.5333333325, 71208.7333333324, 90321.4666666649, 101849.399999998, 51620.8666666662, 58214.0666666662, 121478.73333333, 104111.066666664, 15488.1333333335, 163218.666666675, 163964.600000008, 163691.000000008, 
164167.000000009, 163810.000000009, 38572.3999999996, 140582.066666666, 164101.333333341, 38494.7333333329, 31889.733333333, 164406.933333342, 12237.7333333334, 164326.000000008, 163176.000000008, 163884.666666675, 
63658.733333333, 163983.666666675, 164221.666666675, 164308.733333345, 
85.3333333333334, 75080.5999999988, 167097.733333346, 168232.400000013, 168272.066666679, 
1334.86666666666, 167990.400000013, 69613.466666666, 163244.466666675, 163497.333333341, 163834.000000009, 
2331.06666666666, 8835.13333333333, 93084.3999999979, 163111.666666675, 163271.000000008, 142796.066666666, 13348.4666666668, 163426.266666675, 113724.066666663, 163462.333333341, 163488.333333341, 163602.000000008, 
53903.3999999995, 81201.7999999986, 164441.666666675, 12336.0666666667, 164388.933333342, 164511.000000008, 52633.4666666662, 53945.8666666663, 47026.3999999995, 21060.7333333333, 124545.866666662, 148749.066666669, 163858.000000008, 163840.600000008, 20833.7333333333, 13338.1333333334, 145752.200000001, 164195.333333342, 163402.000000008, 163349.000000008, 
29731.3999999997, 162986.000000008, 163415.000000008, 163433.933333341, 
3534.93333333333, 10024.8, 164107.333333342, 24459.3999999999, 164212.333333341, 163441.000000008, 157846.73333334, 164082.000000009, 76634.7333333322, 164342.600000009, 164053.000000008, 164082.000000008, 
215.066666666666, 215.066666666667, 1253.06666666666, 1287.06666666667, 211.4, 203.066666666666, 1323.06666666667, 1256.4, 205.733333333333, 208.733333333333, 1277.06666666666, 1251.73333333333, 1238.4, 1249.4, 2398.06666666667, 299.066666666666, 244.133333333333, 1260.4, 1256.4, 206.866666666667, 251.2, 1221.4, 194.4, 301.733333333333, 230.733333333333, 1329.73333333333, 205.866666666667, 205.733333333333, 3529.4, 1253.06666666666, 194.4, 2383.73333333333, 204.733333333333, 2468.73333333333, 254.533333333333, 1407.4, 1277.4, 253.8, 1252.73333333333, 1162.4, 206.4, 1250.4, 2441.4, 215, 1251.4, 241.466666666667, 2442.4, 1273.06666666667, 204.133333333333, 205.4, 1322.4, 2417.73333333333, 206.066666666667, 253.866666666667, 217.4, 191.133333333333, 2445.73333333333, 298.4, 3545.13333333333, 1249.06666666667, 2387.73333333333, 1225.06666666666, 240.066666666667, 188.733333333333, 2379.06666666666, 220.733333333333, 1252.4, 233.4, 220.933333333333, 252.066666666667, 195.533333333333, 1257.4, 216.733333333333, 1227.73333333333, 1225.06666666667, 1237.73333333333, 1236.4, 2463.73333333333, 1255.4, 216.066666666666, 1229.73333333333, 208.733333333333, 298.4, 1356.66666666666, 2364.06666666667, 1271.4, 3436.06666666666, 1276.06666666667, 249.533333333333, 1211.06666666666, 1284.73333333333, 1232.06666666667, 196.133333333333, 251, 248.066666666667, 3523.06666666667, 1263.06666666667, 1266.06666666667, 2427.73333333333, 1326.53333333333, 1325.73333333333, 2323.8, 1256.06666666667, 2456.73333333333, 1291.4, 2354.06666666666, 6696.06666666665, 244.466666666667, 1233.73333333333, 1215, 2341.73333333333, 214.066666666667, 214.066666666667, 2350.4, 1296.73333333333, 5690.39999999999, 1322.26666666666, 2479.6, 4580, 301.8, 1265.06666666667, 2466.46666666666, 2262.4, 1188, 1268.4, 
202.133333333333, 1255.06666666667, 1206.06666666667, 2378.73333333333, 1221.06666666666, 2380.13333333333, 203.466666666667, 1222.73333333333, 190.066666666667, 1235.73333333333, 4678.13333333333, 295.733333333333, 1203.73333333333, 2298.39999999999, 3453.4, 2371.53333333333, 203.733333333333, 2288.4, 208.733333333333, 264.933333333333, 1217.4, 1223.4, 187.4, 2352.93333333333, 237.466666666667, 1247.4, 3506.73333333333, 241.466666666667, 1227.4, 1224.73333333333, 1153.06666666667, 1204.73333333333, 2360.4, 3439.4, 1223.06666666667, 1234.4, 197.066666666666, 1314.8, 224.8, 1203.06666666667, 1358.4, 1330.73333333333, 1261.73333333333, 2389.06666666666, 204.066666666666, 225.133333333333, 214.2, 1169.73333333333, 2416.06666666666, 1253.06666666667, 2436.06666666666, 1323.26666666667, 1181.4, 1332.73333333333, 1255.4, 2353.06666666667, 1319.6, 3539.4, 1208.8, 4535.06666666666, 3533.2, 1329.93333333333, 2374.06666666667, 3464.73333333333, 1330.2, 2283.73333333333, 1252.2, 2362.46666666666, 2341.4, 1236.4, 3443.39999999999, 1230.4, 222.4, 3551.4, 206.733333333333, 228.733333333333, 3569.73333333333, 3557.66666666666, 2294.33333333333, 3450.06666666666, 2351.73333333333, 1393.33333333333, 1397.53333333333, 241.4, 1317.46666666667, 227.466666666667, 218.066666666666, 1222.33333333333, 2386.13333333333, 3497.13333333333, 4635.79999999999, 1353.93333333333, 1379.26666666666, 5712.06666666666, 1304.46666666667, 2310.4, 1303.86666666666, 5669.79999999999, 2409.73333333333, 3448.73333333333, 2520.4, 2424.33333333333, 4590.46666666666, 2368.8, 1294.33333333333, 1181, 6824.39999999999, 11356.0000000001, 2318.06666666666, 32139.8666666664, 68114.0666666658, 55060.1333333328, 85698.466666665, 163333.066666675, 164351.933333341, 66930.7999999993, 164675.333333342, 62930.1333333327, 164746.333333342, 81669.8666666653, 164708.333333342, 46373.9333333329, 164827.333333341, 164885.600000009, 164842.000000008, 
3581.06666666666, 1186.73333333333, 1383.86666666667, 3486.4, 222.4, 3504.86666666667, 7903.79999999998, 4575.06666666666, 57237.066666666, 164988.666666675, 164907.333333342, 165141.666666675, 
1198.4, 1304.13333333333, 5734.33333333332, 3557.73333333333, 3513.73333333333, 3371.73333333333, 3601.46666666666, 1327.13333333333, 273.133333333333, 2313.06666666666, 5745.53333333332, 5709.39999999999, 10021.9333333334, 2394.13333333333, 3444.73333333333, 2361.06666666666, 1357.2, 21148.3333333333, 7901.53333333331, 7849.06666666665, 6787.26666666665, 2486.46666666666, 9055.53333333334, 2376.46666666666, 3431.26666666666, 16652.8666666668, 15567.7333333335, 4576.66666666666, 15629.0666666668, 3486.06666666666, 3575.4, 9038.8, 33011.1999999996, 26543.7333333332, 24264.7999999999, 7978.66666666665, 2409.2, 5732.39999999999, 24230.5999999999, 11051.1333333334, 23138.5333333333, 158029.73333334, 34171.3999999997, 164494.000000008, 82633.5999999985, 125213.599999996, 165041.333333341, 24255.8666666665, 2428.73333333333, 12186.2666666668, 86909.7999999983, 21039.1333333333, 39567.733333333, 2471.8, 94480.9333333312, 72741.9333333324, 74690.3999999988, 35479.9999999997, 3527.2, 37642.8666666663, 164611.666666674, 64882.0666666659, 29843.6666666664, 8951.13333333334, 96855.7333333315, 53979.7999999996, 121781.466666663, 1310.13333333333, 164585.666666674, 1316.33333333333, 88033.7999999983, 39875.7999999997, 12385.8666666668, 75531.4666666657, 28764.5333333331, 3466.4, 28780.7999999998, 164340.666666675, 35339.133333333, 31924.0666666663, 106362.199999998, 60349.7999999995, 39308.8666666662, 6824.46666666666, 164699.000000008, 164291.000000008, 96673.5333333312, 34107.0666666663, 35301.6666666663, 86776.7333333316, 164648.666666675, 20962.1333333333, 52785.6666666662, 59167.1999999996, 2423.4, 135149.733333331, 141418.8, 22108.4, 122707.466666663, 23351.8, 38642.4666666662, 24320.0666666666, 90869.7333333313, 140761.2, 46266.7999999996, 15727.6000000002, 2481.8, 97190.2666666644, 11172.7333333334, 164284.666666675, 6870.99999999999, 30818.4666666663, 12352.8000000001, 23317.4666666666, 19921.8666666667, 98749.3999999977, 79160.0666666656, 77854.3333333319, 50704.7333333329, 37488.1333333329, 86642.5333333315, 32007.733333333, 64853.5999999995, 20020.7333333334, 164725.000000008, 
195, 156.733333333333, 1262.4, 165128.333333341, 105512.266666664, 146417.400000002, 164712.666666675, 164760.666666674, 164515.266666675, 
246.266666666667, 2400.13333333333, 4560.33333333333, 2501.8, 5826.33333333332, 124067.466666664, 164599.000000008, 164250.000000008, 164838.000000008, 
74.3999999999999, 5666.13333333332, 23121.7999999999, 99144.3999999978, 164748.333333341, 164977.600000008, 164629.333333342, 
150.066666666666, 2348.06666666667, 295.733333333333, 218.066666666667, 1228.73333333333, 1257.4, 1258.73333333333, 2457, 1267.4, 1361.53333333333, 2280.8, 1363.8, 1220.46666666666, 277.8, 221.4, 1182.4, 2399.13333333333, 1198.06666666666, 2357.13333333333, 2388.4, 5757.13333333332, 2244.06666666667, 2341.06666666666, 4537.13333333333, 4474.73333333333, 9937.40000000003, 198.8, 289.066666666666, 192.066666666667, 199.066666666667, 4572.73333333333, 3521.13333333333, 3617.8, 2451.33333333333, 2380.13333333333, 2415.4, 2278.4, 2341.53333333333, 1247.86666666666, 2406.4, 284.4, 2474.06666666666, 3532.06666666666, 2397, 6819.13333333332, 3414.73333333333, 3435.73333333333, 2368.73333333333, 4619.06666666666, 4593.4, 3438.06666666666, 2449.73333333333, 4599.79999999999, 1359.33333333333, 3518.13333333333, 10010.0666666667, 3443.06666666666, 11181.0666666667, 5689.06666666666, 4603.46666666666, 2324.26666666666, 257.4, 4562.73333333333, 1236.4, 4543.46666666666, 2444.26666666666, 232.066666666667, 5641.39999999999, 6804.19999999999, 238.066666666667, 222.733333333333, 2366.4, 3439.8, 2378.6, 3504.4, 2414.93333333333, 2337.73333333333, 5683.06666666666, 2361.06666666666, 2247, 4577.73333333333, 4638.86666666666, 3555.06666666666, 1358, 4714.53333333333, 4519.86666666666, 3499.93333333333, 2331.2, 1224.06666666667, 3551.73333333333, 2365.73333333333, 3523.4, 3592.06666666666, 274.733333333333, 7828.33333333332, 7984.86666666666, 3439.46666666666, 2414.2, 2300.06666666666, 230.733333333333, 2455.4, 2452.2, 2529.73333333333, 5655.19999999999, 5749.26666666666, 2361.4, 3604.8, 2337.33333333333, 62182.3999999997, 33979.7333333329, 33857.7999999996, 107680.666666664, 121990.466666663, 149418.133333336, 69357.3999999992, 164450.666666675, 165170.000000009, 49741.5333333329, 164354.333333342, 31047.9333333331, 164357.933333341, 164359.666666675, 85569.0666666649, 164797.000000009, 164577.666666675, 
206.4, 209.133333333333, 206.733333333333, 274.533333333333, 221.733333333333, 1227.73333333333, 212.066666666666, 224.066666666667, 188.066666666666, 154.733333333333, 216.733333333333, 185.133333333333, 208.066666666666, 1212.73333333333, 277, 215.4, 1211.73333333333, 1212.73333333333, 239, 179.066666666667, 288.466666666667, 289.066666666666, 1267.73333333333, 1217.06666666667, 1213.06666666666, 298.4, 234.933333333333, 279.133333333333, 297.733333333333, 205.4, 215.066666666667, 2272.26666666666, 301.733333333333, 263.666666666667, 1315.4, 301.733333333333, 208.066666666666, 1310.4, 291.8, 274.533333333333, 283, 251.2, 1209.73333333333, 1252.73333333333, 1233.06666666667, 1318.73333333333, 2389.73333333333, 248.533333333333, 221.733333333333, 1185.73333333333, 2393.4, 195.733333333333, 298.4, 208.733333333333, 1185.73333333333, 242.333333333333, 1308.73333333333, 1211.06666666667, 1236.06666666667, 220.733333333333, 1212.06666666666, 299.066666666666, 283, 298.4, 208.733333333333, 1261.4, 1229.4, 215.4, 1298.06666666666, 1387.33333333333, 191.733333333333, 204.066666666667, 206.733333333333, 1232.73333333333, 1188.4, 1312.06666666666, 1233.4, 200.733333333333, 192.066666666667, 236.733333333333, 1222.06666666666, 278.466666666667, 251.2, 1212.4, 1393.13333333333, 285.733333333333, 1217.06666666667, 1317.06666666667, 1285.73333333333, 2344.4, 1224.06666666667, 1223.73333333333, 1219.73333333333, 1231.73333333333, 1226.4, 191.8, 1240.06666666666, 234.933333333333, 1271.06666666667, 1217.06666666667, 1210.06666666667, 1327.73333333333, 271.2, 198.733333333333, 1353.73333333333, 191.8, 1225.4, 1328.73333333333, 198.733333333333, 1192.06666666667, 270.333333333333, 299.066666666666, 275.8, 1218.73333333333, 2399.4, 2402.06666666667, 212.733333333333, 221.4, 248.533333333333, 1213.06666666667, 299.066666666666, 248.533333333333, 1384.66666666666, 195.733333333333, 263.666666666667, 
47.8666666666667, 208.066666666666, 221.4, 191.733333333333, 1226, 1220.4, 1210.06666666667, 1325.4, 285.733333333333, 255.866666666667, 1217.4, 1237.73333333333, 1212.73333333333, 1228.73333333333, 206.4, 206.066666666666, 1263.06666666666, 206.4, 1325.06666666666, 1233.06666666667, 199.466666666667, 1238.4, 1232.73333333333, 206.066666666666, 189.066666666667, 230.733333333333, 203.066666666666, 285.133333333333, 1237.4, 214.733333333333, 257.866666666667, 208.066666666666, 195.133333333333, 255.2, 1200.4, 1232.73333333333, 1205.4, 228.733333333333, 209.733333333333, 208.733333333333, 1321.73333333333, 224.8, 1186, 1201.73333333333, 1217.73333333333, 271.2, 1216.06666666666, 1321.4, 1334.4, 1220.06666666667, 295.066666666666, 188.066666666667, 2365.4, 1215.4, 212.733333333333, 285.733333333333, 1217.4, 1212.06666666667, 1199.4, 1314.4, 1397.33333333333, 1241.73333333333, 1206.06666666667, 188.133333333333, 1243.73333333333, 1201.73333333333, 1315.73333333333, 1237.06666666667, 1239.4, 1331.73333333333, 210.066666666667, 1382.6, 182.066666666667, 2332.4, 1233.06666666666, 2460.73333333333, 1259.06666666666, 214.733333333333, 1220.06666666667, 1212.06666666667, 292.4, 1324.4, 298.4, 210.066666666667, 206.4, 1206.06666666667, 192.4, 218.066666666667, 217.733333333333, 2362.06666666666, 289.066666666666, 295.733333333333, 1302.73333333333, 255, 1326.4, 190.466666666667, 1253.06666666667, 271.2, 1210.73333333333, 249, 2377.73333333333, 254.533333333333, 1324.73333333333, 2408.06666666667, 1264.4, 215.4, 1325.4, 1220.06666666667, 1306.06666666666, 283.733333333333, 1321.06666666667, 1323.06666666667, 200.4, 254.533333333333, 251.2, 194.4, 239, 1233.4, 1293.73333333333, 1215.73333333333, 257.2, 1224.8, 1251.73333333333, 191.066666666667, 1314.4, 
15601.4000000001, 11083.4666666667, 21905.1333333333, 164928.666666675, 163535.000000008, 164669.666666675, 
153.466666666667, 128.066666666667, 210.733333333333, 242.133333333333, 1248.4, 2416.06666666667, 2452.06666666666, 1181.06666666666, 2418.06666666666, 3468.73333333333, 1329.06666666666, 261.866666666667, 205.733333333333, 207.533333333333, 1263.73333333333, 1247.06666666666, 204.533333333333, 231.666666666667, 252.733333333333, 300.4, 1348.73333333333, 303.133333333333, 3492.4, 1313.13333333333, 2267.73333333333, 4510.39999999999, 3511.73333333333, 1256.06666666667, 2345.4, 2467.6, 1305.4, 2383.66666666666, 2460.33333333333, 2455.33333333333, 210.733333333333, 1233.73333333333, 2332.4, 2328, 1190.06666666666, 214.933333333333, 1262.4, 2482.46666666666, 1368.66666666667, 191.133333333333, 1267.93333333333, 1185.06666666667, 1197.06666666667, 1381.4, 1310.06666666667, 234.066666666667, 2407.4, 1272.8, 241.466666666667, 2391.73333333333, 1229.73333333333, 1328.4, 225.066666666666, 216.733333333333, 215, 222.733333333333, 1359.06666666666, 289.066666666666, 257.866666666667, 1256.73333333333, 1324.73333333333, 208.733333333333, 209.066666666666, 2426.73333333333, 2351.73333333333, 1274.06666666667, 1260.06666666667, 1264.06666666666, 1203.73333333333, 1217.4, 1203.73333333333, 1280.6, 2495.2, 1213.4, 1238.06666666667, 1207.06666666667, 253.8, 1258.73333333333, 217.4, 268.866666666667, 4595.06666666666, 301.733333333333, 234.066666666667, 220.066666666667, 1266.73333333333, 1312.4, 249.066666666667, 198.466666666667, 2300.06666666666, 221.4, 2390.6, 1372.6, 1203.4, 2351.4, 1291.73333333333, 1252.73333333333, 2420.06666666666, 1231.06666666667, 237.666666666667, 1224.06666666666, 243.733333333333, 1230.4, 1230.73333333333, 1264.73333333333, 1312.93333333333, 1255.06666666667, 244.133333333333, 1379.46666666666, 2368.73333333333, 204.066666666666, 1206.06666666667, 249.066666666667, 1236.06666666666, 257.2, 1388.66666666667, 1372.13333333333, 191.066666666666, 1259.06666666666, 2390.4, 206.4, 292.4, 
77.0666666666665, 242.066666666667, 1309.6, 1293.4, 9034.26666666666, 71361.7333333324, 164604.000000008, 164760.000000009, 48188.0666666662, 164944.333333342, 164946.600000008, 164637.333333342, 
202.133333333333, 1232.66666666667, 1234.73333333333, 1228.33333333333, 2349.4, 2423.06666666666, 2359.53333333333, 2343.4, 226.133333333333, 190.733333333333, 2489.8, 203.4, 2470.13333333333, 243.8, 1252.06666666667, 1245.06666666667, 2375.06666666666, 1273.73333333333, 209.4, 1313.86666666667, 1375.26666666667, 1287.06666666667, 2501.53333333333, 274.533333333333, 314.4, 1437.2, 2253.06666666666, 318.466666666666, 1321.13333333333, 3525.4, 3448.53333333333, 252.8, 2470.8, 198.133333333333, 2377.73333333333, 1322.2, 1265.8, 2217.66666666666, 1356.6, 225.066666666666, 232.733333333333, 190.466666666667, 1224.73333333333, 238.733333333333, 2512.2, 319.133333333333, 252.466666666667, 1218.33333333333, 208.4, 2522.2, 3565.73333333333, 1225.66666666667, 3535.93333333333, 1354.46666666666, 4658.26666666666, 241.066666666667, 2410.26666666667, 2362.06666666666, 1319.8, 2377, 2467.86666666666, 3421, 2325.2, 2435.53333333333, 2443.93333333333, 4580.73333333333, 3510.73333333333, 1177.4, 2443.6, 2437.46666666667, 4459.53333333333, 2264.06666666666, 2321.06666666666, 6646.93333333332, 2359.06666666666, 2296.13333333333, 3467.86666666666, 5756.13333333332, 2432.4, 6940.99999999999, 230.733333333333, 1216.8, 1404.46666666666, 2463.46666666666, 1285.4, 11186.0666666667, 4671.79999999999, 2274.4, 8930.4, 1353.6, 3508.13333333333, 1282.53333333333, 4641.13333333332, 2432.73333333333, 4635.53333333333, 2368.4, 4610.66666666666, 5807.93333333332, 6757.39999999999, 1396.73333333333, 2387.4, 206.4, 2324.13333333333, 2265.4, 36334.0666666663, 6840.86666666665, 12245.0666666667, 35487.0666666664, 66112.1333333327, 154707.800000005, 48474.6666666662, 32213.733333333, 87955.9999999982, 115149.066666663, 88979.3999999981, 12376.9333333334, 4620.13333333333, 38541.3333333329, 23234.1333333333, 49524.5999999995, 71432.7333333325, 62614.7999999994, 81453.7333333322, 136980.466666665, 29692.4666666664, 
167.066666666666, 5584.86666666666, 4553.46666666666, 2381.73333333333, 2374.4, 267.133333333333, 244.6, 3417.4, 2355, 228.4, 3476.06666666666, 2362.73333333333, 2559.13333333333, 1355.26666666666, 2469.4, 1249.06666666667, 3477.39999999999, 2425.73333333333, 246.733333333333, 1198.4, 3459.73333333333, 1314.06666666667, 1304.06666666667, 2494.86666666666, 1192.4, 277.8, 2392.13333333333, 238.866666666666, 1309.73333333333, 2340.86666666666, 1405.13333333333, 1243.06666666667, 2345.06666666667, 4525.73333333333, 2497.26666666666, 228.4, 227.4, 2319.06666666666, 2386.73333333333, 2375.39999999999, 244.066666666666, 4606.86666666666, 1347.73333333333, 3469.4, 4420.06666666666, 2241.8, 2279.2, 2315.4, 228.066666666667, 4531.4, 1205.2, 247, 1295.4, 1396.6, 1270.73333333333, 220.733333333333, 1256.06666666667, 3500.06666666666, 3427.4, 2529.06666666666, 1229.06666666667, 1234.4, 1260.06666666667, 208.066666666667, 2262.66666666666, 2457.06666666666, 1318.8, 220.066666666667, 1273.4, 272.4, 1279.06666666667, 1261.06666666666, 1255.46666666667, 2303.06666666667, 218.066666666666, 1161.73333333333, 1269.4, 1238.06666666667, 1155.4, 254.533333333333, 1256.4, 1294.06666666667, 2432.73333333333, 209.533333333333, 1297.06666666666, 209.133333333333, 1404.13333333333, 1253.06666666666, 1262.73333333333, 1255.4, 1256.4, 1294.06666666667, 2498.4, 1281.06666666667, 2428.06666666666, 215.8, 211.4, 1191.73333333333, 1269.13333333333, 1226.46666666666, 2329.4, 1259.4, 1248.73333333333, 2299.8, 2372.06666666667, 2416.06666666666, 221.4, 2347.8, 1329.4, 1264.4, 2283.13333333333, 2427.6, 3533.46666666666, 209.066666666667, 2411.06666666667, 301.733333333333, 2434.73333333333, 208.733333333333, 4524.06666666666, 230.4, 1255.73333333333, 1364, 1422.8, 2499.6, 1322.73333333333, 
237.4, 1292.86666666667, 1294.46666666667, 12099.2000000001, 39363.8666666663, 1279.86666666667, 140.733333333333, 3508.73333333333, 12227.2000000001, 16499.0666666668, 18576.0666666667, 1298.4, 1296.13333333333, 64647.0666666663, 64593.3999999997, 164334.333333342, 164077.000000009, 164492.666666675, 
196.4, 2415, 2353.66666666666, 23403.4666666666, 4553.06666666667, 13388.1333333334, 6708.13333333332, 6823.59999999998, 14497.4000000001, 4676.13333333333, 5745.46666666666, 5755.26666666665, 2489.6, 4624.26666666666, 6886.73333333332, 5764.93333333332, 2275, 2447.66666666666, 6803.73333333332, 17673.4000000001, 2364.06666666666, 5810.06666666666, 21139.1333333333, 16761.4666666668, 15543.1333333335, 18707.7333333334, 3486.46666666667, 13216.7333333334, 2354.73333333333, 25434.7999999998, 2333.06666666666, 6858.39999999998, 164851.000000008, 162809.733333342, 165065.333333341, 164498.000000008, 165111.600000008, 
1219.06666666667, 2409.33333333333, 2404.4, 3545.13333333333, 2247.66666666666, 2407.4, 3470.46666666666, 299.866666666666, 10104.7333333334, 11196.8, 3313.4, 4567.8, 3508.06666666666, 4630.39999999999, 2404.4, 2319.4, 3490.86666666666, 3455.73333333333, 2289.13333333333, 228.4, 2372.06666666666, 2385.66666666666, 2438.33333333333, 2272.06666666666, 5648.73333333332, 3521.6, 6814.59999999999, 4618.79999999999, 4650.73333333333, 1361.33333333333, 1264.73333333333, 2379.06666666666, 4618.4, 1239.73333333333, 57436.7999999994, 248.066666666666, 120969.53333333, 15775.0666666668, 10027.4666666667, 14617.0666666668, 90162.0666666647, 49117.0666666664, 164293.333333342, 164742.000000008, 164135.266666675, 
54.0666666666669, 136.8, 292.466666666667, 208.733333333333, 220.066666666666, 168.066666666666, 1192.06666666666, 227.466666666667, 239.066666666666, 1324.73333333333, 249, 2375.06666666667, 182.066666666667, 202.133333333333, 292.4, 1185.73333333333, 1186.4, 234.933333333333, 255.133333333333, 149.4, 206.066666666666, 1245.06666666666, 1301.06666666667, 1212.73333333333, 1215.4, 234.933333333333, 211.4, 190.133333333333, 2375.06666666667, 1239.4, 251.133333333333, 146.733333333333, 205.4, 239, 191.733333333333, 212.066666666666, 2391.73333333333, 279.133333333333, 2384.06666666666, 255.866666666667, 1377.46666666666, 1303.73333333333, 199.066666666666, 251.2, 203.066666666666, 211.4, 1208.4, 1240.06666666666, 1211.73333333333, 2382.06666666666, 1240.06666666666, 1237.06666666666, 186.133333333333, 1390.46666666667, 228.066666666667, 231.4, 206.066666666666, 1291.86666666666, 1276.06666666667, 1210.06666666667, 1385.93333333333, 194.4, 2420.06666666666, 206.733333333333, 194.4, 1276.06666666667, 275.8, 1221.06666666667, 190.466666666667, 1274.73333333333, 1235.73333333333, 199.466666666667, 2368.73333333333, 251.133333333333, 202.133333333333, 285.733333333333, 1222.06666666666, 285.733333333333, 231.4, 2372.4, 239, 1204.4, 189.066666666667, 224.733333333333, 1243.06666666667, 206.4, 221.733333333333, 1228.4, 1216.73333333333, 209.066666666666, 279.133333333333, 1233.4, 1239.06666666666, 190.466666666667, 1216.06666666666, 1215.73333333333, 1190.73333333333, 230.733333333333, 2326.06666666667, 253.8, 1195.06666666667, 1199.06666666667, 191.066666666667, 1315.06666666667, 260.333333333333, 206.733333333333, 260.333333333333, 1236.73333333333, 185.133333333333, 1213.06666666667, 253.8, 1252.4, 1200.73333333333, 1198.73333333333, 2415.73333333333, 191.066666666667, 1212.73333333333, 1351.06666666667, 275.8, 1219.4, 275.8, 278.466666666667, 224.733333333333, 2415.4, 1323.06666666667, 
4551.39999999999, 13173.8666666668, 2422, 2397.4, 3531.2, 2440.4, 5663.06666666665, 4521.33333333332, 5742.59999999999, 6854.26666666665, 2462.33333333333, 14543.7333333335, 7925.39999999999, 2378.73333333333, 3606.8, 5703.19999999999, 5759.59999999999, 45273.9999999995, 18832.4666666667, 59543.9999999996, 65015.5333333328, 4535.13333333333, 18923.4666666667, 18873.8, 9121.53333333334, 28623.5333333331, 17790.6000000001, 11223.2666666667, 47356.4666666662, 33213.6666666664, 16623.1333333335, 41941.3999999996, 13383.9333333334, 6797.46666666666, 50562.0666666662, 38412.4666666663, 25582.3999999999, 18916.3333333334, 30691.0666666664, 69183.866666666, 12282.8000000001, 68922.4666666659, 21034.6, 70556.8666666659, 9045.66666666667, 4615.86666666666, 33212.133333333, 33040.2666666663, 52730.0666666662, 3496.13333333333, 10083.1333333334, 53862.7999999996, 27621.1999999998, 46363.0666666663, 9010.39999999999, 12253.5333333334, 2385.66666666666, 55020.133333333, 33983.7999999996, 18717.4000000001, 3457.4, 164675.000000009, 137076.399999998, 17825.4666666668, 45045.7999999996, 20182.5333333334, 83475.7333333318, 2435.4, 1279.33333333333, 27737.1999999998, 7912.13333333332, 3507.06666666666, 131667.066666663, 8952.39999999999, 89896.5333333315, 33052.533333333, 42986.7333333329, 21068.7333333333, 3634.06666666666, 13435.8000000001, 164436.000000008, 164643.000000009, 164566.266666675, 
124.733333333333, 214.733333333333, 215.4, 1274.73333333333, 257.866666666667, 1329.06666666667, 1252.06666666667, 182.866666666667, 1364.4, 1257.73333333333, 194.4, 271.2, 206.4, 182.866666666667, 206.733333333333, 1325.73333333333, 1256.4, 273.866666666667, 1255.06666666667, 1379.46666666666, 2345.73333333333, 1194.66666666667, 1230.4, 257.866666666667, 1387.13333333333, 1208.06666666667, 218.4, 1345.73333333333, 1283.73333333333, 1370, 1340.4, 1269.73333333333, 208.4, 1200.06666666667, 257.2, 1248.4, 1207.4, 191.133333333333, 1327.2, 298.4, 1384.46666666667, 301.733333333333, 205.733333333333, 208.066666666666, 1251.73333333333, 1216.73333333333, 2347.4, 200.4, 1286.4, 203.8, 1251.73333333333, 1209.4, 295.733333333333, 2350.06666666667, 252.733333333333, 253.866666666667, 2329.4, 206.066666666666, 204.733333333333, 1308.73333333333, 2343.4, 1243.06666666666, 1179.06666666667, 1252.73333333333, 1255.4, 188.066666666667, 251.2, 1316.4, 1319.06666666667, 1347.06666666667, 1348.4, 1253.73333333333, 1329.73333333333, 198.733333333333, 1348.4, 1249.06666666666, 1329.06666666666, 1318.06666666667, 1257.4, 1331.73333333333, 1324.73333333333, 277.2, 1249.4, 1332.4, 206.066666666666, 1261.13333333333, 1210.4, 1192.06666666667, 178.733333333333, 178.733333333333, 206.733333333333, 1192.4, 1185.4, 198.8, 246.733333333333, 1251.06666666666, 182.866666666667, 1249.73333333333, 193.733333333333, 1329.06666666666, 208.733333333333, 1277.73333333333, 1293.73333333333, 208.733333333333, 1252.4, 149.733333333333, 194.466666666667, 1327.73333333333, 1243.06666666667, 301.733333333333, 1207.06666666667, 2392.06666666667, 1235.8, 1220.73333333333, 1256.4, 257.866666666667, 185.2, 194.4, 1205.73333333333, 2362.4, 214.066666666667, 1188.4, 1228.73333333333, 1361.73333333333, 292.4, 
178.266666666667, 3434.26666666666, 3493.73333333333, 218.4, 155.733333333333, 221.733333333333, 1202.06666666667, 222.933333333333, 1210.06666666667, 1232.06666666666, 215.4, 2414.46666666666, 1200.06666666667, 2441.4, 2307.73333333333, 285.733333333333, 206.066666666666, 195.733333333333, 260.333333333333, 1252.73333333333, 1387.46666666666, 2343.73333333333, 1209.06666666666, 3491.4, 204.066666666666, 237.4, 218.066666666666, 144.066666666667, 1264.86666666666, 1189.73333333333, 1205.06666666666, 255.866666666667, 1209.06666666666, 1230.4, 1220.06666666667, 1223.06666666666, 206.066666666666, 1227.06666666667, 1248.4, 206.4, 1200.4, 1297.06666666666, 263.666666666667, 1228.4, 1324.4, 218.066666666666, 2428.06666666666, 1237.06666666666, 218.066666666666, 1332.4, 1326.4, 208.733333333333, 1215.4, 2331.26666666666, 218.066666666667, 220.066666666666, 242.066666666667, 198.066666666666, 1232.4, 252.066666666667, 1252.73333333333, 1211.73333333333, 253.8, 1212.73333333333, 1250.73333333333, 1273.06666666666, 1269.4, 1249.06666666667, 182.866666666667, 263.666666666667, 298.4, 1241.73333333333, 206.4, 191.066666666667, 254.533333333333, 1261.73333333333, 277, 285.133333333333, 1214.06666666667, 1309.73333333333, 1332.06666666667, 2304.06666666666, 1251.06666666666, 1247.73333333333, 1259.06666666666, 1247.4, 182.866666666667, 203.066666666666, 1290.4, 255.133333333333, 205.733333333333, 206.4, 203.066666666666, 202.4, 191.133333333333, 1215.4, 224.733333333333, 2358.06666666666, 1203.06666666667, 1211.4, 2333.73333333333, 1206.73333333333, 1286.4, 1213.4, 230.733333333333, 1256.06666666666, 1220.73333333333, 225.6, 191.133333333333, 208.066666666666, 248.066666666667, 1237.06666666667, 1265.13333333333, 1394.2, 1300.66666666666, 285.733333333333, 1306.33333333333, 303.8, 349.733333333333, 316.533333333333, 1286.06666666667, 1244.73333333333, 1294.73333333333, 304.466666666667, 305.733333333333, 
114.466666666667, 162.933333333333, 254.4, 290.6, 258.066666666666, 1264.2, 251.066666666666, 222.6, 260.933333333333, 234.6, 229.6, 158.6, 175.933333333333, 155.266666666667, 247.933333333333, 153.6, 230.266666666666, 225.266666666666, 154.266666666667, 239.4, 275.4, 258.4, 235.6, 270.066666666666, 328.333333333333, 267.4, 229.6, 234.933333333333, 193.8, 248.733333333333, 266.266666666667, 238.333333333333, 200.266666666667, 261.066666666666, 306.4, 302.333333333333, 255.4, 294.266666666666, 199.933333333333, 255.066666666666, 296.333333333333, 271.6, 231.266666666666, 206.266666666667, 221.933333333333, 220.6, 267.4, 241, 294.266666666666, 272.733333333333, 242.266666666666, 331.666666666666, 270.066666666667, 238.333333333333, 276.733333333333, 241.6, 245.6, 153.933333333333, 1380.06666666666, 248.4, 226.6, 276.733333333333, 228.866666666666, 1279.06666666666, 248.4, 308.466666666667, 1277.73333333333, 261.066666666666, 1286.4, 311, 214.933333333333, 294.6, 275.4, 273.4, 321.8, 1275.4, 264.4, 241, 228.266666666666, 236.933333333333, 236.933333333333, 223.266666666666, 279.4, 1282.4, 249, 1261.73333333333, 282.933333333333, 244.933333333333, 242.266666666666, 279.4, 248.4, 248.4, 279.4, 258.066666666666, 235.933333333333, 327.133333333333, 1309.4, 333.733333333333, 300.6, 327.066666666666, 217.6, 251.066666666666, 337.066666666666, 261.066666666666, 289.666666666667, 1394.53333333333, 311, 266.266666666667, 228.266666666666, 311, 1285.06666666666, 294.933333333333, 321.066666666667, 228.933333333333, 303.6, 323.733333333333, 333.733333333333, 333.733333333333, 276.066666666666, 327.133333333333, 302.333333333333, 1278.73333333333, 236.933333333333, 241, 260.733333333333, 
224.666666666666, 305.866666666666, 253.4, 2460.53333333333, 6982.39999999998, 70089.9999999992, 100145.13333333, 62448.8666666664, 163923.333333342, 163793.933333342, 163884.666666675, 
125.733333333333, 1179.4, 1226.66666666667, 202.133333333333, 2334.6, 1234.33333333333, 101248.799999997, 164778.000000008, 99153.0666666644, 154833.733333338, 164847.666666674, 164548.600000008, 164852.333333342, 
2380.4, 235.066666666667, 5650.39999999999, 164313.000000008, 96599.1333333308, 94421.5999999977, 164119.333333342, 164409.000000009, 71083.6666666659, 164143.333333341, 61996.7999999998, 164197.333333342, 164273.000000008, 164361.666666674, 
187.4, 134.733333333333, 1334.13333333333, 1255.06666666667, 1240.4, 1263.06666666667, 1204.73333333333, 186.8, 1244.4, 1219.73333333333, 214.733333333333, 211.4, 220.066666666667, 1319.73333333333, 2345.4, 251.2, 1285.73333333333, 2411.4, 191.133333333333, 3446.06666666666, 1322.4, 1246.73333333333, 297.8, 2415.06666666666, 2358.8, 240.066666666667, 244.133333333333, 1315.73333333333, 1211.73333333333, 248.866666666667, 1308.06666666666, 1238.73333333333, 219.4, 1222.06666666667, 1230.4, 209.4, 2328.73333333333, 215.8, 252.733333333333, 2359.06666666666, 275.8, 205.2, 206.066666666666, 2437.06666666667, 205.066666666667, 1380, 1203.73333333333, 1227.73333333333, 1232.4, 172.4, 2385.73333333333, 209.4, 2313.06666666666, 213.2, 2421.73333333333, 1256.06666666666, 1298.46666666667, 234.333333333333, 217.6, 1357.13333333333, 3467.06666666666, 1207.06666666667, 1218.73333333333, 242.2, 1249.4, 1233.73333333333, 218.066666666666, 212.866666666667, 285.733333333333, 249.066666666667, 1258.73333333333, 2432.06666666666, 216.733333333333, 1383.73333333333, 1326.06666666666, 1255.06666666666, 3460.06666666667, 1252.06666666666, 206.866666666667, 1252.4, 2418.4, 210.466666666667, 1253.73333333333, 1329.4, 1256.4, 2433.06666666667, 1369.26666666667, 2344.73333333333, 1251.4, 1225.46666666667, 206.4, 1256.4, 2484.86666666666, 2372.06666666667, 188.066666666667, 298.4, 1256.06666666667, 1256.4, 1232.06666666667, 1260.33333333333, 216.733333333333, 1262.73333333333, 1277.4, 1227.73333333333, 203.533333333333, 2387.06666666666, 235.4, 2422.06666666666, 2303.93333333333, 1348.93333333333, 2368.06666666667, 2365.4, 1257.73333333333, 1244.6, 1235.33333333333, 1191.06666666667, 218.4, 275.866666666667, 2372.4, 222.066666666667, 2235.4, 1202.66666666667, 1221.73333333333, 4568.93333333333, 6734.73333333332, 
125.733333333333, 190.133333333333, 1325.73333333333, 2371.4, 1349.06666666667, 191.066666666667, 1283.73333333333, 1325.4, 203.8, 1325.73333333333, 1236.73333333333, 1210.4, 1249.4, 2389.4, 1252.06666666667, 254.533333333333, 1234.4, 298.4, 1236.4, 1260.06666666666, 1261.73333333333, 2459.73333333333, 1372.6, 1220.4, 275.8, 209.4, 1340.06666666667, 218.066666666667, 2337.4, 2398.73333333333, 206.066666666666, 298.4, 1327.73333333333, 187, 1328.4, 214.733333333333, 1197.4, 1324.4, 1215.73333333333, 1335.06666666667, 225.066666666667, 1212.4, 251.4, 231.666666666667, 172.4, 214.733333333333, 217.4, 216.733333333333, 152.066666666666, 213.4, 213.4, 283, 1321.4, 206.066666666666, 1252.73333333333, 1356.4, 194.4, 298.4, 2333.4, 202.4, 2327.4, 1213.73333333333, 1278.73333333333, 191.066666666667, 1248.73333333333, 228.066666666667, 214.933333333333, 150.066666666666, 1206.73333333333, 185.733333333333, 218.4, 195.733333333333, 1329.06666666666, 255.866666666667, 1290.73333333333, 188.066666666667, 298.4, 1326.73333333333, 192.066666666667, 1242.06666666667, 2406.73333333333, 283.733333333333, 255.2, 1233.4, 1253.73333333333, 199.066666666666, 192.066666666667, 1245.73333333333, 237.2, 188.066666666667, 191.733333333333, 255.866666666667, 1205.4, 200.4, 301.733333333333, 1196.73333333333, 2367.4, 191.4, 267, 1206.06666666667, 274.533333333333, 218.4, 2450.06666666666, 260.333333333333, 1244.4, 298.4, 1220.06666666667, 209.4, 1207.4, 2384.06666666666, 205.4, 1242.73333333333, 1242.06666666666, 197.4, 206.066666666666, 283, 295.066666666666, 1257.06666666666, 257.2, 1315.4, 251.2, 285.733333333333, 218.4, 1234.73333333333, 217.4, 
33.8666666666667, 236.733333333333, 1219.73333333333, 269.8, 283, 181.733333333333, 214.733333333333, 208.733333333333, 184.4, 266.4, 269.8, 277.666666666666, 139.733333333333, 234.066666666667, 221.4, 179.133333333333, 225.6, 234.4, 154.933333333333, 185.266666666666, 233.6, 156.933333333333, 169.933333333333, 234.6, 249.133333333333, 220.6, 204.4, 240.933333333333, 231.466666666667, 243.933333333333, 244.933333333333, 219.933333333333, 193.933333333333, 223.4, 226.933333333333, 149.933333333333, 193.933333333333, 235.266666666666, 232.933333333333, 151.6, 270.066666666667, 309.666666666667, 300.6, 261.066666666666, 264.266666666667, 235.6, 292.066666666667, 299.6, 240.6, 199.266666666666, 231.266666666666, 226.066666666667, 252.6, 325, 210.933333333333, 306.4, 299.6, 328.333333333333, 267.4, 248.4, 280.733333333333, 203.933333333333, 238.6, 250.6, 199.933333333333, 156.6, 227.8, 231.266666666666, 152.933333333333, 250.6, 164.933333333333, 218.6, 231.6, 235.6, 212.6, 157.6, 153.6, 193.133333333333, 241.933333333333, 195.8, 231.6, 274.266666666667, 209.266666666666, 213.266666666667, 225.266666666666, 251.733333333333, 270.066666666667, 244.6, 276.066666666666, 196.266666666667, 276.066666666666, 270.6, 276.066666666666, 276.066666666666, 254.733333333333, 197.933333333333, 231.6, 263.733333333333, 273.066666666666, 248.4, 200.6, 236.266666666666, 140.666666666666, 214.066666666666, 224, 239.733333333333, 233.4, 148.133333333333, 200.8, 222.066666666667, 214.066666666667, 228.066666666666, 280.333333333333, 271.2, 139.4, 143.066666666667, 150.733333333333, 208.733333333333, 1217.06666666667, 247.4, 204.133333333333, 244.066666666667, 229.8, 266.466666666667, 227.866666666667, 
1211.73333333333, 125.733333333333, 179.133333333333, 209.466666666667, 191.4, 188.8, 1207.73333333333, 1220.06666666667, 182.133333333333, 188.133333333333, 1255.73333333333, 299.066666666666, 1189.73333333333, 211.066666666666, 279.133333333333, 192.4, 281.8, 202.133333333333, 1197.06666666666, 1214.4, 1305.06666666666, 1231.73333333333, 1216.4, 192.4, 1211.06666666667, 212.733333333333, 179.133333333333, 229.6, 260.333333333333, 1228.73333333333, 206.733333333333, 285.133333333333, 297.733333333333, 175.066666666667, 248.533333333333, 206.733333333333, 1323.73333333333, 1400.66666666667, 275.8, 1312.73333333333, 260.333333333333, 1217.73333333333, 2382.73333333333, 1387.46666666666, 279.133333333333, 1219.06666666666, 1215.06666666667, 1184.4, 1204.73333333333, 1193.06666666667, 1213.06666666667, 295.066666666666, 204.8, 192.4, 283, 192.4, 228.066666666667, 2425.4, 278.466666666667, 201.733333333333, 1213.4, 211.4, 1203.06666666667, 208.733333333333, 219.733333333333, 223.6, 2308.4, 144.133333333333, 236.733333333333, 251.866666666667, 1226.73333333333, 295.733333333333, 191.733333333333, 274.533333333333, 1316.06666666666, 299.066666666666, 1187.4, 1215.73333333333, 289.066666666666, 1251.06666666667, 1228.4, 1283.73333333333, 1321.06666666666, 1213.06666666667, 228.066666666667, 1327.4, 1220.73333333333, 1225.73333333333, 1311.73333333333, 206.8, 248.533333333333, 1406.66666666666, 221.4, 1212.4, 1220.06666666667, 1329.06666666667, 255, 188.8, 1234.4, 1349.06666666667, 1278.4, 230.733333333333, 1219.06666666666, 1263.8, 1344.13333333333, 230.733333333333, 1213.06666666667, 1220.4, 1264.06666666667, 215.4, 251.866666666667, 182.066666666667, 1321.06666666667, 2366.4, 1326.4, 1243.06666666666, 1212.73333333333, 285.133333333333, 188.8, 1215.73333333333, 271.8, 224.733333333333, 251.866666666667, 1234.06666666666, 1215.06666666667, 

