219.133333333333, 10112.4, 1359.2, 164055.000000008, 20107.8, 18913.6000000001, 77153.0666666655, 106370.199999997, 81604.7333333319, 121414.666666663, 49736.8666666661, 78150.7999999988, 48612.8666666662, 106938.133333331, 6845.39999999999, 113264.666666664, 15679.0666666668, 46447.0666666662, 58510.2666666661, 17928.0666666668, 60484.1999999995, 28811.9999999998, 4609.73333333333, 6804.39999999999, 37673.533333333, 99109.4666666644, 57746.1999999994, 3470.46666666666, 29874.8666666664, 40838.0666666663, 1326.13333333333, 9056.93333333333, 5681.39999999999, 11211.8000000001, 63981.0666666662, 88328.7999999982, 12377.9333333334, 33177.133333333, 6890.73333333332, 14510.5333333335, 21113.4, 23278.7333333333, 25592.0666666666, 20025.8, 15550.8666666668, 34197.133333333, 11224.0000000001, 58513.3999999995, 18744.1333333334, 32089.533333333, 17746.8666666668, 124112.799999996, 25352.7333333332, 56389.5333333328, 7832.53333333332, 53066.7333333328, 29932.9999999997, 23423.2, 18916.0666666667, 163533.333333342, 163541.666666674, 164335.666666675, 
287.133333333333, 2449.46666666667, 164174.000000009, 162682.000000008, 4622.46666666666, 15577.0666666668, 37441.3999999996, 61405.8666666661, 72440.0666666658, 41884.733333333, 119150.53333333, 58364.6666666662, 116441.199999997, 164548.666666675, 139773.733333332, 162667.266666674, 163438.666666675, 163735.333333342, 
146.466666666666, 5668.66666666666, 21234, 163533.333333341, 163818.000000009, 163541.333333341, 
101703.199999997, 61791.4666666661, 164293.000000008, 29847.133333333, 61394.0666666663, 164315.666666675, 53831.3999999996, 77796.5999999987, 163973.666666675, 163410.000000008, 164144.666666675, 
84, 13605.8000000001, 163361.333333342, 163937.666666675, 95181.733333331, 163516.333333342, 163837.000000008, 163555.333333341, 
1378.93333333333, 46276.133333333, 163409.600000008, 163832.333333342, 163397.000000008, 
32.0666666666666, 132841.399999996, 163182.666666674, 163082.333333341, 163262.666666674, 
90916.7333333313, 164319.000000009, 127641.799999996, 164298.000000008, 105490.399999997, 78055.133333332, 90131.5333333313, 11200.0666666667, 163145.333333341, 90409.7333333312, 163559.933333342, 8909.73333333333, 163948.000000008, 18798.8000000001, 9994.40000000003, 1316.33333333333, 164065.666666675, 164416.333333341, 91124.4666666647, 35215.5999999997, 27617.9999999998, 164619.333333342, 33003.3999999996, 64694.6666666661, 38502.7999999996, 43068.3999999996, 164525.333333342, 3516.8, 125943.399999996, 70874.7333333328, 163889.333333341, 163085.666666675, 163634.000000008, 
56.1333333333334, 2434.86666666666, 103847.733333331, 163908.933333342, 163804.000000008, 163360.666666675, 
164490.000000008, 163069.000000008, 164179.666666675, 
71.4, 20049.8666666667, 162905.266666675, 163249.000000008, 163165.333333341, 
46.0666666666667, 93.4, 15388.0000000002, 39212.3999999996, 4548.93333333333, 4597.73333333333, 37513.0666666663, 163554.333333342, 163822.666666675, 163911.333333342, 
1353.06666666666, 11075.2000000001, 24402.1333333333, 109085.33333333, 163329.333333341, 163408.666666674, 163418.666666675, 
163504.666666674, 163375.333333341, 163424.266666675, 
25516.3333333332, 13427.6666666668, 54884.0666666662, 163121.666666675, 67631.0666666662, 164539.666666675, 163838.000000009, 163865.666666675, 
31.7333333333333, 63.6, 21921.4666666666, 7806.26666666664, 34161.5999999996, 163253.333333342, 163349.933333341, 163409.666666675, 
131.666666666667, 163240.333333341, 163046.000000008, 163371.666666675, 
199.466666666667, 74667.0666666655, 16580.9333333335, 38531.0666666663, 163883.266666675, 163950.000000009, 163608.666666675, 
24313.3999999999, 102611.466666664, 163085.666666674, 71223.7333333325, 163101.000000008, 163756.000000008, 163367.600000008, 
1274.13333333333, 49380.1999999995, 164633.666666675, 1310.8, 163825.333333341, 164121.000000008, 136996.133333331, 163909.333333342, 163434.266666675, 59016.3999999997, 130945.066666662, 41522.733333333, 163849.000000009, 163311.666666674, 164046.000000008, 
1386.13333333333, 1409.26666666667, 164061.666666675, 163175.266666675, 163429.666666675, 
37370.133333333, 24416.0666666666, 163733.000000008, 62653.3999999996, 21396.7333333333, 42843.0666666662, 168760.400000013, 44217.8666666662, 2580.33333333333, 163833.066666675, 28545.0666666664, 33036.3999999997, 72553.5333333325, 71208.7333333324, 90321.4666666649, 101849.399999998, 51620.8666666662, 58214.0666666662, 121478.73333333, 104111.066666664, 15488.1333333335, 163218.666666675, 163964.600000008, 163691.000000008, 
164167.000000009, 163810.000000009, 38572.3999999996, 140582.066666666, 164101.333333341, 38494.7333333329, 31889.733333333, 164406.933333342, 12237.7333333334, 164326.000000008, 163176.000000008, 163884.666666675, 
63658.733333333, 163983.666666675, 164221.666666675, 164308.733333345, 
85.3333333333334, 75080.5999999988, 167097.733333346, 168232.400000013, 168272.066666679, 
1334.86666666666, 167990.400000013, 69613.466666666, 163244.466666675, 163497.333333341, 163834.000000009, 
2331.06666666666, 8835.13333333333, 93084.3999999979, 163111.666666675, 163271.000000008, 142796.066666666, 13348.4666666668, 163426.266666675, 113724.066666663, 163462.333333341, 163488.333333341, 163602.000000008, 
53903.3999999995, 81201.7999999986, 164441.666666675, 12336.0666666667, 164388.933333342, 164511.000000008, 52633.4666666662, 53945.8666666663, 47026.3999999995, 21060.7333333333, 124545.866666662, 148749.066666669, 163858.000000008, 163840.600000008, 20833.7333333333, 13338.1333333334, 145752.200000001, 164195.333333342, 163402.000000008, 163349.000000008, 
29731.3999999997, 162986.000000008, 163415.000000008, 163433.933333341, 
3534.93333333333, 10024.8, 164107.333333342, 24459.3999999999, 164212.333333341, 163441.000000008, 157846.73333334, 164082.000000009, 76634.7333333322, 164342.600000009, 164053.000000008, 164082.000000008, 

