1313.73333333333, 163468.866666675, 164102.600000008, 162888.333333341, 
23068.3999999999, 163788.266666675, 163540.000000008, 73821.999999999, 163881.266666675, 163810.266666675, 163666.600000008, 
43130.8666666663, 94435.6666666645, 44154.7333333329, 164568.866666674, 164685.600000008, 163681.333333341, 
163440.600000008, 38593.7999999996, 163335.333333341, 22218.6, 163827.466666675, 163902.266666675, 163502.933333342, 
163849.200000009, 163127.466666675, 163842.800000008, 
163658.933333341, 11201.0666666667, 163675.666666675, 163772.000000008, 164023.933333342, 
40731.7999999997, 97682.3333333309, 40713.7999999996, 163610.933333342, 94116.3999999978, 163445.266666674, 164828.600000008, 163388.666666674, 
1307.6, 164943.266666674, 163683.000000008, 165307.933333342, 
164007.666666675, 65332.9999999997, 163080.933333342, 33198.8666666664, 163333.666666674, 163161.333333341, 163307.600000008, 
77153.1999999986, 162912.000000008, 52789.6666666663, 52723.6666666663, 163574.666666675, 164259.666666675, 163682.933333342, 
163247.333333341, 163915.666666675, 163416.000000008, 
163720.933333342, 98735.3333333309, 163717.200000007, 164208.600000009, 164023.600000008, 
100940.533333331, 163944.000000009, 163903.933333342, 164200.666666675, 
122281.399999996, 162929.266666675, 23219.7333333333, 139427.466666666, 163176.466666675, 163300.333333341, 163556.000000008, 
163458.933333341, 68881.3333333328, 163965.666666675, 164340.933333342, 162964.266666674, 
163977.266666675, 152145.333333338, 128159.066666662, 164226.000000008, 163794.333333342, 163263.266666675, 
3591.8, 143026.666666667, 122472.999999996, 163378.266666675, 163263.266666674, 164198.000000009, 
67592.5999999997, 2348.4, 163042.933333341, 163515.000000008, 164276.333333342, 
148956.666666669, 59506.266666666, 43650.1999999997, 105575.066666663, 164444.200000008, 163603.933333341, 55048.3999999996, 163764.666666675, 164044.266666675, 163519.000000008, 
163560.600000008, 162990.000000008, 163296.666666675, 
163262.600000008, 100876.533333331, 163120.000000008, 164644.600000008, 3459.13333333333, 164016.266666675, 163829.266666675, 163675.666666675, 
30784.5999999997, 162971.000000008, 164076.866666675, 163757.666666675, 
163124.600000008, 163850.600000008, 90955.0666666649, 164060.266666675, 138949.733333332, 163881.600000008, 163926.000000008, 87455.6666666648, 163897.933333342, 163329.266666675, 163487.000000008, 
164334.600000008, 164510.666666675, 163422.333333341, 
11275.1333333334, 164113.266666675, 163982.333333342, 163896.333333341, 
163725.933333341, 163514.666666675, 163824.600000008, 
143435.733333334, 163760.000000008, 164385.666666675, 163179.933333341, 
2372.13333333333, 68244.7333333327, 164294.266666675, 163355.666666675, 163422.933333341, 
164166.333333342, 61482.1999999995, 163213.266666675, 163290.600000008, 163794.333333342, 
163462.933333341, 164089.666666675, 164176.600000008, 
240.733333333333, 311, 241.733333333333, 44200.4666666664, 68359.3999999994, 25530.4666666665, 3524.4, 18913.6666666667, 108867.33333333, 84063.8666666653, 4620.06666666666, 39563.3333333329, 2464.33333333333, 32020.1999999996, 36567.7999999997, 39983.6666666662, 164436.933333342, 164338.600000008, 164564.666666675, 
164608.333333342, 164465.266666675, 164638.933333342, 
104.066666666666, 2361.26666666666, 203.4, 285.733333333333, 2435.66666666666, 2393.4, 234.733333333333, 8950.6, 256.733333333333, 3542.13333333333, 1218.06666666667, 3495.26666666666, 8916.80000000001, 4613.66666666666, 4617.53333333333, 4651.93333333333, 4493.66666666666, 2430.53333333333, 6847.86666666666, 148696.266666669, 4686.39999999999, 38734.5999999996, 164654.666666676, 164602.600000008, 164113.933333342, 
23035.9333333333, 163872.600000008, 22093.4, 147469.466666669, 163644.333333341, 3537, 164004.600000008, 163581.666666674, 164593.933333342, 
1269.2, 1279.86666666667, 3473.4, 43231.6666666663, 42661.0666666663, 51846.0666666661, 63414.4666666665, 163345.600000008, 163894.466666675, 163358.933333341, 
220.733333333333, 164419.666666674, 7866.06666666665, 164327.600000008, 29793.5999999997, 164797.600000009, 163057.266666674, 164558.666666675, 
143.333333333333, 203.533333333333, 1354.46666666667, 208.133333333333, 1215.66666666666, 1367.2, 1295.66666666666, 2347.93333333333, 2335.73333333333, 1302, 1260.06666666666, 2317.6, 2276.06666666666, 2415.86666666666, 2414.4, 3473.73333333333, 2451.66666666666, 2417.93333333333, 1240.33333333333, 1215, 2415.2, 1247.73333333333, 1347.66666666667, 4537.8, 6780.66666666665, 1292.73333333333, 2480.73333333333, 1159.33333333333, 5711.73333333333, 1226.26666666666, 1316.06666666667, 1230.33333333333, 3516, 2362.73333333333, 2398, 2408.93333333333, 3471.99999999999, 1267.4, 3433.33333333333, 1349.86666666666, 2424.2, 3551.73333333333, 3415.99999999999, 1260.06666666666, 3406.6, 2284.4, 2317.86666666666, 5772.59999999999, 3459.4, 4638.79999999999, 2291.33333333333, 3514.73333333333, 2337.66666666666, 4546.13333333333, 16576.7333333335, 35252.1999999997, 164965.000000008, 164869.000000008, 164486.866666676, 
228.133333333333, 49393.933333333, 1379.53333333333, 6755.13333333332, 12212.3333333334, 35145.0666666663, 130801.199999996, 163856.133333342, 14436.6666666668, 133796.73333333, 164257.333333341, 164602.200000008, 149943.200000003, 164304.333333341, 164374.266666675, 88068.5999999981, 61793.3999999993, 164327.333333342, 148017.666666669, 164975.333333342, 164704.800000008, 164790.600000008, 
160.133333333333, 1199.93333333333, 2379.66666666667, 2465.86666666666, 6835.73333333332, 10042.9333333334, 8900.73333333334, 12300.0666666667, 12441.7333333334, 12187.8000000001, 10205.0666666667, 12188.3333333334, 11200.3333333334, 84223.2666666652, 71423.7333333323, 163807.666666675, 163962.933333342, 163608.266666675, 
1260.66666666666, 1299.73333333333, 2410.53333333333, 3539.06666666666, 1355.2, 4433.86666666666, 1257, 2391.33333333333, 2421.13333333333, 3550.99999999999, 5704.86666666666, 2485.66666666666, 2475.93333333333, 4684.53333333333, 4548.8, 232.066666666666, 4565.66666666666, 4613.73333333333, 7868.79999999998, 12264.4000000001, 164278.266666675, 28806.2666666664, 7911.66666666665, 164324.266666675, 164822.266666675, 164425.933333341, 
1316.33333333333, 3410.6, 2278.2, 2365.33333333333, 3426.6, 1277.93333333333, 1260.06666666667, 2366.86666666666, 1215.66666666667, 3527.8, 2413.06666666666, 2346.66666666667, 5633.99999999999, 2382.06666666666, 4645.99999999999, 4509.66666666667, 2392.73333333333, 7889.46666666664, 20095.5333333334, 164123.133333342, 27735.1999999998, 71108.0666666659, 125736.999999996, 164299.600000008, 164107.600000008, 164033.666666675, 
183.666666666667, 1237.86666666667, 1305.13333333333, 3441.53333333333, 3461.2, 1248.73333333333, 1272.4, 2428.26666666666, 2377.6, 3535.06666666666, 1218.33333333333, 1393.33333333333, 3575.2, 2384.73333333333, 3455.6, 3534.06666666666, 2288.33333333333, 3340.33333333333, 2414.06666666666, 3516.33333333333, 4478.66666666666, 2321.73333333333, 2504.33333333333, 4597.99999999999, 2523.6, 6810.06666666665, 7795.33333333331, 5659.79999999999, 2330.33333333333, 6770.73333333332, 2356.33333333333, 3498.33333333333, 100478.666666665, 5807.06666666666, 18795.0000000001, 115630.866666664, 10233.9333333334, 44556.7999999996, 163195.600000008, 163296.600000008, 164551.000000008, 
249.066666666667, 1292.46666666667, 3517.06666666666, 2314.73333333333, 1262.06666666667, 209.066666666666, 2276.6, 2387.66666666667, 2296, 1312.33333333333, 1238.26666666667, 3422.2, 1279.93333333333, 2388.33333333333, 2310.33333333333, 3518.73333333333, 2330.33333333333, 1228.66666666666, 3514, 3379, 2476.26666666666, 2404.66666666666, 1194.2, 2356.93333333333, 1251.06666666667, 1204.2, 2255.26666666666, 56074.7999999997, 28429.1999999997, 2427.06666666666, 65949.133333333, 163973.600000008, 1395.33333333333, 46974.5999999997, 21115.0666666667, 43002.0666666663, 80394.2666666655, 164988.933333341, 164648.000000008, 92431.0666666648, 164494.933333342, 164868.266666675, 164974.000000008, 
282.333333333333, 104982.066666664, 163909.666666675, 74941.0666666654, 165116.800000008, 164269.600000008, 163866.000000009, 
185.533333333333, 3479.93333333333, 11151.4666666667, 1334, 58304.333333333, 14390.8000000001, 84836.5333333316, 38725.2666666663, 164259.000000008, 146687.333333335, 1313.4, 164265.200000008, 163784.600000008, 164148.266666675, 
164.733333333333, 254.933333333333, 10032.2666666667, 7818.86666666665, 2494.2, 3505.66666666666, 3415.66666666666, 14617.8666666668, 20979.5333333334, 115701.599999997, 164846.266666674, 163611.333333342, 164792.666666675, 
206.666666666666, 1307.73333333333, 267, 2380.6, 4547.13333333333, 201.4, 24310.3333333332, 251.933333333333, 38597.0666666663, 112375.733333329, 152220.000000004, 74387.3999999989, 164498.600000008, 91248.6666666647, 164739.000000008, 164762.333333342, 164826.266666675, 
1204.06666666666, 2388.86666666667, 220.066666666667, 4596.79999999999, 3564.4, 4571.4, 13470.0000000001, 4575.66666666666, 7723.39999999998, 16564.7333333335, 18723.8666666667, 20979.0666666667, 6765.39999999998, 165077.266666674, 16823.7333333335, 51807.1333333329, 34251.9999999997, 55162.3999999995, 64838.4666666661, 164578.666666675, 164995.266666674, 164947.933333341, 
1341, 2422.06666666666, 2390.33333333333, 28498.733333333, 7878.33333333331, 5700.06666666666, 10027.3333333334, 62398.133333333, 103681.799999997, 64525.9999999996, 106325.466666663, 163704.000000008, 164148.333333342, 35294.0666666663, 164078.933333341, 163792.333333342, 164005.666666675, 
1261.06666666667, 1353.46666666666, 3510.06666666667, 126384.466666661, 54620.9999999997, 9991.0666666667, 32078.3999999997, 63652.9999999995, 39702.5333333329, 43001.8666666663, 164735.666666675, 164443.600000008, 56118.9333333328, 164395.266666675, 164343.666666675, 164389.600000008, 
2300.33333333333, 1223.46666666667, 2431.73333333333, 5737.79999999999, 4483.13333333333, 2434, 12165.5333333334, 21905.4, 16590.2000000001, 119354.333333329, 94008.7999999978, 163708.533333341, 51739.0666666663, 160706.93333334, 164611.000000008, 163905.933333342, 163904.000000008, 
1378.8, 2394.6, 4606.93333333333, 28410.6666666664, 12123.0666666667, 15584.8000000002, 2445.4, 5677.86666666665, 15431.0000000002, 11114.3333333334, 3555.66666666667, 6831.19999999998, 2433.06666666666, 2390.46666666666, 28689.1999999998, 89689.9333333312, 63811.133333333, 150293.733333337, 92463.0666666647, 57995.1999999996, 29848.6666666664, 41699.5999999997, 164222.800000008, 73910.399999999, 31878.8666666663, 164864.933333341, 61665.4666666661, 44152.9999999995, 128553.333333329, 41808.0666666662, 135299.599999997, 102973.399999997, 109835.999999997, 164632.666666675, 160706.400000007, 61608.7333333328, 165092.600000009, 164772.333333341, 164721.333333341, 
165076.666666675, 86664.5999999986, 164899.266666675, 15577.8000000002, 164743.266666675, 164529.866666675, 165245.266666675, 
190.133333333333, 79412.7999999986, 255.733333333333, 164327.266666675, 45350.933333333, 4643.66666666666, 164343.933333342, 164161.533333342, 165478.600000008, 
277.8, 210.133333333333, 1295.6, 3500.33333333333, 2426.13333333333, 2381.46666666667, 1206.26666666667, 3477, 2372, 1216.73333333333, 1257.93333333333, 217.4, 2398.93333333333, 1296.73333333333, 4655.8, 1280.46666666667, 2271.33333333333, 1231.66666666666, 210.133333333333, 1326.4, 3433.53333333333, 3594.6, 2501.53333333333, 2471.33333333333, 2434.13333333333, 2385.6, 3301.66666666667, 2253.93333333333, 2252.73333333333, 2379.73333333333, 2452.33333333333, 5649.33333333333, 208.4, 1241.4, 3350.33333333333, 2279.46666666666, 2260.8, 2489.53333333333, 1241.06666666667, 2240.26666666666, 6785.79999999999, 2294.26666666666, 76846.9999999988, 36521.333333333, 80533.6666666655, 99972.5999999974, 164656.333333341, 92416.2666666647, 13531.1333333335, 107863.93333333, 164822.600000008, 164721.666666675, 106583.599999997, 165050.133333341, 164981.866666676, 164781.133333342, 
3469.66666666666, 4602.06666666666, 7969.79999999998, 8988.2, 164532.933333342, 37488.0666666663, 98839.7333333309, 127501.53333333, 61362.6666666664, 164501.666666675, 164798.666666675, 163232.733333341, 164459.000000008, 163338.266666675, 164545.000000008, 
215.866666666667, 4685.06666666666, 4662.86666666666, 14289.1333333335, 42652.1999999997, 13340.0666666668, 4705.66666666666, 164207.266666674, 1347, 5809.33333333333, 150902.533333338, 84655.9999999983, 165280.266666675, 165367.600000008, 164891.933333342, 
6814.99999999999, 1320.4, 3467.33333333333, 12098.4666666667, 2355.06666666666, 1270.26666666667, 16539.1333333335, 117728.999999996, 3480.73333333333, 120025.066666663, 165255.266666675, 61832.466666666, 164355.666666675, 164519.000000008, 164378.866666675, 
215.4, 208.333333333333, 1243.66666666667, 2414, 1219.26666666667, 1261.06666666666, 213.466666666667, 2356.93333333333, 1240.26666666667, 1201.4, 285.733333333333, 1223.6, 1229.73333333333, 1247.4, 4484.93333333333, 1203.66666666666, 1265.26666666666, 1204.4, 2413.2, 2414.93333333333, 2374.4, 1248.33333333333, 2380.33333333333, 1228.73333333333, 1257.06666666666, 2300.26666666666, 1234.93333333333, 2392.4, 2398.4, 1251.06666666667, 1345.93333333333, 212.866666666667, 1303.33333333333, 1206, 1255.4, 208.4, 2358.66666666667, 2403.93333333333, 1255.73333333333, 2436.06666666666, 2340, 2372.6, 1268, 2397, 1223.66666666667, 218.733333333333, 252.466666666667, 2433.6, 2285.33333333333, 1167.4, 2364.26666666666, 216.733333333333, 1253.26666666667, 4595.93333333332, 1290.4, 1325.6, 190.133333333333, 2435.86666666666, 1322.93333333333, 1373.2, 3470.8, 1323.73333333333, 241.466666666667, 1325.66666666667, 1232.73333333333, 1228.66666666667, 1251.26666666666, 1258.4, 2342, 3478.33333333333, 1217.4, 1250, 1226.06666666667, 1315.73333333333, 1251.33333333333, 3663.26666666666, 4500.06666666666, 209.4, 3500.26666666666, 2496.06666666666, 209.066666666666, 4759.33333333332, 3385.66666666666, 3598.66666666667, 2353.33333333333, 6762.53333333332, 2367.4, 2304, 133003.066666664, 164934.000000008, 121410.733333329, 164728.933333341, 164642.000000008, 164815.933333341, 
217.4, 1195.66666666667, 246.933333333333, 1252.6, 1252.93333333333, 2354, 2382.6, 1264.66666666667, 2275, 1244, 1201.4, 2404.6, 3428.4, 203.4, 5481.6, 1248.66666666666, 214.066666666667, 218.133333333333, 1290.93333333333, 1253.6, 2425, 3357.2, 2303.6, 1206, 3546.13333333333, 2278.4, 2390, 2337.33333333333, 1174.4, 2413.6, 2347.73333333333, 1257, 1269.73333333333, 3437.53333333333, 3384.73333333333, 1225, 2473.8, 3485.4, 1250.33333333333, 1261.33333333333, 1255.93333333333, 1256.73333333333, 216.8, 2400.66666666666, 3454.46666666666, 1251.73333333333, 1269.33333333333, 2424.13333333333, 1254.33333333333, 2418.93333333333, 2352.06666666667, 2395.66666666667, 214.066666666667, 1231.66666666667, 1259.06666666666, 1260.33333333333, 1254.06666666667, 1233.33333333333, 1292.66666666667, 1256, 220.066666666667, 2402.6, 214.066666666667, 1263.66666666666, 1228.73333333333, 3490.93333333333, 2248.4, 217, 1255.66666666666, 4583.66666666666, 2362.66666666666, 1268.4, 2507.6, 3513.26666666666, 1238.4, 3541.39999999999, 1248, 2295.66666666667, 1238, 1254.73333333333, 1198.73333333333, 2287.46666666666, 1231.33333333333, 1266.4, 1257.93333333333, 1254, 1201.06666666667, 2412.66666666666, 2356.26666666666, 1264.6, 1309.33333333333, 2380.93333333333, 1250.6, 4668.13333333332, 203.4, 1326, 1227, 1283.93333333333, 2302.86666666666, 2379.06666666666, 2451.33333333333, 1257.06666666666, 1255.4, 1290.06666666667, 1259.73333333333, 1317.73333333333, 2328.73333333333, 2378.93333333333, 2415.06666666666, 1316, 2367.4, 1188.73333333333, 2384.93333333333, 2404.06666666667, 1356.2, 2329.6, 1250, 1304.73333333333, 1283.66666666666, 2285.6, 1241.06666666667, 1293.73333333333, 2360.6, 1352.66666666667, 2524.6, 
2361.4, 1336.46666666667, 1199.6, 4604.06666666666, 3492, 13116.4000000001, 3493.73333333333, 3575.46666666667, 2459, 2442.13333333333, 3534.13333333333, 3392.66666666666, 4577.4, 18863.2000000001, 23280.5333333333, 33244.333333333, 91882.6666666645, 42753.3999999996, 61849.6666666659, 165504.266666675, 55007.1999999995, 4582.93333333333, 14403.6000000001, 164203.266666675, 117445.999999997, 26612.7333333332, 164660.933333342, 163545.533333342, 164354.000000008, 
151.666666666667, 184.333333333333, 216.333333333333, 227.666666666667, 1135.93333333333, 210, 1161.66666666667, 216.666666666667, 226, 2321.93333333333, 1157.06666666666, 256.4, 2282.33333333333, 1156.93333333333, 1167.06666666667, 3404.66666666666, 2312.73333333333, 2271.93333333333, 1224.4, 1221.66666666667, 2424, 1151.06666666666, 1159, 2434.73333333333, 2338.6, 1208.4, 2323.8, 1223.73333333333, 2314, 1204.73333333333, 2321.6, 3324.2, 1247.06666666666, 2318, 2381.13333333333, 1159.33333333333, 1210.66666666666, 1197, 3373.66666666666, 2338.06666666666, 1264, 1261.66666666666, 1201.4, 4607.4, 3395.33333333333, 1266, 2284.26666666666, 1291.73333333333, 2354.33333333333, 2383.33333333333, 1262.06666666667, 2408.66666666666, 2488.13333333333, 3451.33333333333, 1255.06666666666, 2282, 2388.33333333333, 2337.93333333333, 2437.66666666666, 1269.93333333333, 2465.66666666666, 1234.6, 2288.93333333333, 2402.46666666667, 1247.4, 1273.66666666666, 2432.33333333333, 1270.66666666666, 2436.33333333333, 2352, 2412.06666666667, 1272, 4654.73333333333, 1300.73333333333, 3475.93333333333, 2295.39999999999, 3640.53333333333, 1265.33333333333, 2386, 3505.06666666666, 1180.33333333333, 1276, 4636.99999999999, 2344.86666666667, 3532, 2492.13333333333, 3528.73333333333, 3558.33333333333, 2389.4, 1315.13333333333, 3567.13333333333, 2402.06666666666, 3518.93333333333, 3512.86666666666, 3530.33333333333, 4627.66666666666, 1186.73333333333, 1184.53333333333, 2258.2, 2369.06666666667, 2454, 2350.4, 4643.66666666666, 1218.06666666667, 2358.6, 2227, 3359.33333333333, 3564.26666666666, 5619.66666666666, 57785.4666666661, 27600.9999999998, 10043.3333333334, 37167.5999999997, 60479.8666666662, 164589.266666675, 5728.39999999999, 82263.9999999984, 164748.533333342, 164620.800000009, 164410.266666675, 
151.666666666667, 1162.4, 1155, 3325.2, 3348.06666666666, 6659.46666666666, 3433.06666666666, 1219.66666666667, 1238.06666666666, 3433.86666666667, 2304.4, 1194, 1180.73333333333, 4490.26666666666, 1268.2, 1205, 1208.33333333333, 1149.66666666666, 2293.26666666667, 2278.06666666667, 1176.66666666666, 1178.33333333333, 2311.33333333333, 1182.66666666666, 2279.66666666667, 4562.73333333333, 1277.33333333333, 2283.66666666666, 1206.4, 1211, 1248.33333333333, 2400.26666666667, 1200.66666666666, 4410.53333333333, 3573.93333333333, 2254, 1250.4, 3325.46666666666, 2219.33333333333, 3483.53333333333, 2426.33333333333, 1330, 2232.66666666666, 6700.66666666665, 2309.93333333333, 2263.66666666666, 1255.26666666666, 2446.06666666666, 60534.9999999996, 6764.39999999999, 13285.4000000001, 4491.93333333333, 30999.0666666664, 21235, 66887.7333333327, 60438.6666666662, 84745.5999999987, 164306.533333341, 164341.666666675, 165201.933333341, 
1257.4, 5544.66666666666, 1194.06666666667, 2363.73333333333, 2236.73333333333, 6531.99999999999, 3395.33333333333, 1188.33333333333, 2375.33333333333, 2410.66666666667, 5507.99999999999, 5572.66666666666, 4556.93333333333, 5560.33333333333, 2343.4, 3440.4, 4373.66666666666, 3525.4, 2236.33333333333, 4475.93333333333, 4499.73333333332, 5837.79999999999, 6761.13333333332, 3295.4, 8859.33333333333, 5706.06666666666, 8917.99999999999, 3493.4, 9945.13333333335, 2364.06666666666, 2364.66666666666, 3466.73333333333, 2460.33333333333, 4668.59999999999, 1154.06666666667, 3386.86666666666, 2385.06666666666, 2436.33333333333, 14467.5333333335, 3494.13333333333, 14485.6666666668, 9039.13333333333, 62575.9999999995, 47430.3333333329, 70351.9333333325, 147010.400000001, 109623.13333333, 164460.000000008, 75939.9999999989, 163694.866666675, 164253.266666675, 94574.0666666647, 78020.9333333321, 55182.7999999994, 164864.266666675, 165074.333333341, 160343.400000007, 165029.266666675, 164187.000000008, 165285.600000008, 
140.066666666667, 205, 1259.26666666667, 1258.93333333333, 1234.66666666666, 1178.33333333333, 3348.39999999999, 1189.66666666666, 1159.26666666667, 1130.26666666666, 2208.86666666666, 1152.06666666667, 1142.66666666667, 2441.73333333333, 16492.6000000001, 16615.8000000001, 21930, 164434.533333341, 164120.933333342, 149015.800000003, 2414.93333333333, 3544.39999999999, 3426.26666666666, 5483.39999999999, 2388.33333333333, 23034.5333333333, 6716.86666666665, 20778.6666666667, 13268.1333333334, 7780.06666666665, 47307.0666666663, 122024.73333333, 77143.399999999, 165408.000000008, 164746.933333342, 164815.200000008, 
2409.4, 1191.6, 3517.66666666666, 3453.26666666666, 3554.73333333333, 5657.59999999999, 13155.2666666668, 6754.73333333332, 4566.86666666666, 7790.73333333331, 17668.0666666668, 17575.9333333335, 86562.4666666649, 53086.8666666662, 2382.73333333333, 6726.33333333332, 3424.53333333333, 164043.000000008, 164421.000000008, 120355.733333329, 164780.266666675, 164469.266666675, 164854.666666675, 
1362, 2450.66666666666, 2266.2, 2363.06666666666, 4653.46666666666, 8782, 20733, 13156.6666666668, 16384.7333333335, 31742.2666666663, 21154.3333333334, 49772.3999999994, 164728.466666675, 164425.600000008, 165332.600000009, 
1165.33333333333, 1164.6, 2237.86666666666, 3395.06666666666, 1210.06666666666, 3421, 1204.33333333333, 1208.33333333333, 2287.73333333333, 1254.33333333333, 4541.59999999999, 1212.73333333333, 1221, 1272.93333333333, 1210.6, 2430.73333333333, 1303.93333333333, 1217.26666666667, 2390.4, 1221.66666666666, 3379, 2359.73333333333, 2430.66666666666, 1205.4, 1273.2, 4529.26666666666, 1244.93333333333, 3536.06666666666, 1315.33333333333, 1332.33333333333, 1183.66666666666, 1205, 1401.4, 1219.06666666666, 1298.66666666667, 1331.93333333333, 2440.26666666667, 1295, 1238, 1263.26666666666, 1175.06666666667, 2332, 1212.33333333333, 1311.26666666667, 1218.6, 1237.93333333333, 1270.6, 1313.06666666666, 1224.33333333333, 1335.8, 2364.53333333333, 1212.06666666667, 2430.66666666666, 1217.06666666666, 1343, 1177.33333333333, 1217.66666666667, 2290.06666666666, 1213.6, 1289.73333333333, 2305.73333333333, 3578.2, 1206.4, 2342.26666666667, 1307.73333333333, 1272.06666666666, 2363.06666666666, 1281.33333333333, 1223.66666666666, 1318.33333333333, 1237.66666666666, 2392.93333333333, 1271.46666666666, 1262.4, 2405.53333333333, 1280.73333333333, 1322.66666666667, 2351.2, 1322.4, 1211, 1306.06666666667, 1251, 1216.26666666666, 1275.06666666666, 1337.93333333333, 1233, 1286.66666666666, 2386.73333333333, 3471.4, 2299.4, 2390.53333333333, 3429.06666666666, 1229.06666666666, 1224.6, 1232.73333333333, 1191.4, 1314.33333333333, 1282, 1216.26666666666, 1281.93333333333, 1227.73333333333, 2397.26666666667, 2439.6, 1199.73333333333, 2467.6, 1207.73333333333, 2393.26666666667, 1253.86666666667, 1214, 1301.6, 1248.26666666667, 1272.73333333333, 1306.06666666666, 1292.6, 2272.6, 1293.73333333333, 1183, 2438.6, 1325.4, 1185.33333333333, 2409.93333333333, 3462.73333333333, 3428.66666666667, 3608, 1278, 
3404.73333333333, 7729.13333333332, 64767.7999999995, 26230.1333333332, 64824.5333333326, 20764, 23028.6666666666, 164459.000000008, 35247.533333333, 164470.266666675, 164738.933333341, 164866.866666675, 
181.733333333333, 219, 1119, 1224.33333333333, 1314.86666666666, 1159, 1176.4, 3411.6, 5496.73333333332, 2328.66666666666, 2352.66666666666, 2216.66666666666, 1168.73333333333, 2297.86666666666, 1178.6, 4519.46666666666, 4353.4, 5763.66666666666, 6662.39999999999, 10038.7333333334, 7931.73333333332, 10039.6, 3584.8, 165405.933333342, 165195.933333342, 85520.8666666652, 75841.2666666656, 165584.600000009, 45252.1999999995, 138714.799999999, 82664.9333333317, 165041.933333341, 87017.3999999984, 12338.6666666667, 82887.0666666652, 165405.333333342, 165003.600000008, 165110.933333343, 
175.333333333333, 1234.86666666667, 1188.66666666667, 4487.13333333333, 3393.06666666666, 3405.93333333333, 61525.3999999995, 8965.53333333333, 49354.0666666662, 90422.866666665, 10192.5333333334, 57289.8666666662, 72730.799999999, 164915.933333341, 165066.333333342, 165052.333333341, 
146, 224.133333333333, 3418.59999999999, 1236.06666666666, 3291.66666666666, 2303.66666666667, 2286.93333333333, 2195.4, 1219, 1189.93333333333, 3346.4, 2209.4, 3418.46666666666, 3330.06666666666, 2402.33333333333, 4458.66666666667, 2341.06666666666, 32861.733333333, 2358, 3455.13333333333, 164666.933333341, 35256.5999999997, 72635.8666666656, 17513.6666666668, 25148.3333333332, 8970.2, 6549.66666666666, 3488.53333333333, 5552.13333333333, 6647.19999999999, 6720.46666666665, 4636.06666666666, 8924.33333333333, 15399.4666666668, 28617.0666666664, 4649, 7894.53333333331, 65053.3999999994, 19905.8, 71709.799999999, 165097.933333341, 165193.933333342, 165231.933333342, 
132.333333333333, 1262.66666666666, 1257.33333333333, 2323.26666666667, 2302.06666666667, 2218.66666666666, 2423.4, 2404.33333333333, 3417, 2428.6, 3433.66666666666, 2427, 3401.66666666666, 2407.66666666667, 1214.06666666666, 2408.73333333333, 2401.39999999999, 1257.4, 1220.66666666667, 1299.4, 1335.53333333333, 2356, 3522.13333333333, 4585.39999999999, 2488.73333333333, 2439.73333333333, 1209.66666666667, 2421, 2330.06666666666, 12180.6000000001, 10991.0666666667, 9939.26666666669, 3509.73333333333, 3410, 4645.73333333333, 2307.86666666666, 2352.73333333333, 17693.4000000001, 24228.9999999999, 122732.13333333, 70395.4666666659, 136908.333333332, 119753.999999996, 111574.466666664, 11035.3333333334, 68028.0666666659, 164951.266666675, 164999.666666675, 145323.600000002, 135981.466666665, 145025.000000001, 80239.9999999988, 137632.666666666, 164604.333333341, 156759.733333339, 3359.8, 164364.000000008, 113053.73333333, 164060.933333341, 11057.9333333334, 163876.600000009, 164081.533333342, 164097.866666675, 
2295.39999999999, 132481.666666663, 49470.3333333329, 1256.4, 164735.600000008, 164692.266666675, 164816.600000008, 
1128.73333333333, 150.666666666667, 1108.6, 172, 1133.66666666667, 1214.33333333333, 1119, 1203.73333333333, 2308, 1177.73333333333, 1248.4, 2224.86666666666, 2344.06666666667, 1171, 1183.93333333333, 3403.06666666666, 1164.33333333333, 1205.26666666667, 1225.66666666666, 1163.93333333333, 1212.06666666667, 1199.66666666667, 2346.86666666666, 2361.4, 2404.93333333333, 2331.33333333333, 1175.66666666666, 2264.06666666666, 1172.6, 4528.59999999999, 1216, 3440.26666666666, 3417.73333333333, 2288.06666666667, 2346.33333333333, 1244, 2389.6, 2383.06666666667, 1144.66666666667, 1186.33333333333, 2222.4, 3298.33333333333, 2265.4, 4444.19999999999, 2207.66666666666, 2345.93333333333, 2376, 4503.46666666666, 2412.06666666666, 5845.79999999999, 1296.33333333333, 2381.6, 2277.33333333333, 1189.93333333333, 2406.4, 2425.93333333333, 12413.0666666667, 3418.33333333333, 1176.66666666666, 2344.33333333333, 1155.73333333333, 3459.86666666666, 1187.4, 3422.93333333333, 2307.33333333333, 3450, 2414, 1287.2, 4682.46666666667, 3459.06666666666, 2271.73333333333, 2383, 2452.33333333333, 1187.06666666667, 2364, 1204.06666666666, 1219.66666666667, 1321.66666666667, 1210.66666666666, 2400.73333333333, 1174, 2391.66666666666, 1210.6, 2417.26666666666, 2316.73333333333, 2233.86666666666, 3337.6, 2303.66666666666, 4455.66666666666, 1253.8, 4499.79999999999, 4544.19999999999, 2412.4, 3361.86666666666, 3297.26666666666, 7757.73333333332, 1268.33333333333, 3366.8, 3545.73333333333, 1204.66666666667, 3492.6, 1202.73333333333, 2243.2, 2246.4, 2417.4, 1236, 1265.4, 1269.93333333333, 3345.99999999999, 10053.7333333334, 9806.66666666668, 1189.33333333333, 5560.73333333333, 4514.4, 2351.66666666666, 5536.26666666666, 5543.73333333333, 16559.0666666668, 2255.46666666666, 3489.33333333333, 3498.33333333333, 6809.13333333332, 2379.4, 3378.46666666666, 2379.8, 
190.333333333333, 1237.53333333333, 2349.93333333333, 2288.33333333333, 1191.73333333333, 1177.26666666666, 2332.93333333333, 2423.13333333333, 2352.66666666666, 1271.33333333333, 1196.33333333333, 1236.33333333333, 3452.2, 1185.66666666667, 1182.66666666666, 1180.66666666667, 2387.66666666666, 1211.93333333333, 3329.86666666666, 1213.66666666667, 1158.6, 2229.86666666666, 1189.73333333333, 3490.33333333333, 2422.2, 1282.33333333333, 1219.26666666666, 3422.73333333333, 1198.73333333333, 2400.26666666667, 1219.73333333333, 3361.53333333333, 3392.2, 1267.66666666666, 2223.33333333333, 1234.73333333333, 1249.33333333333, 1280.4, 3385.06666666666, 1158.33333333333, 1187.73333333333, 1232.06666666667, 2271.73333333333, 2382.73333333333, 1209, 1182.6, 1171.26666666667, 22947.0666666666, 4464, 13233.1333333335, 17603.0666666668, 2363.06666666667, 1199.93333333333, 4470.06666666666, 2417.33333333333, 1190.66666666667, 1197, 2429.2, 4435.39999999999, 2378.66666666667, 2330.6, 6885.73333333332, 1212, 2390.66666666666, 4565.99999999999, 2267.06666666666, 2437, 4485.8, 5620.8, 3435.86666666666, 4569, 5686.99999999999, 21069.8, 60408.7999999996, 27643.9999999998, 14232.9333333335, 38451.6666666663, 6806.33333333332, 12116.8666666667, 19892.5333333334, 12213.0666666668, 72434.8666666659, 14529.0000000001, 16671.2000000001, 7848.73333333332, 98258.4666666646, 165195.000000008, 164978.333333341, 147502.000000002, 164880.933333342, 165165.266666675, 165056.666666675, 
213.733333333333, 1218.93333333333, 1158.8, 1224.26666666667, 207.333333333333, 1138.6, 1148.26666666666, 2220.26666666666, 1222.8, 2282.26666666666, 1161.06666666667, 1141.93333333333, 1169.6, 1262.66666666667, 2364, 3383.26666666667, 1215.93333333333, 3353.33333333333, 2325.53333333333, 1171.66666666666, 2310.26666666666, 2324.73333333333, 1181.33333333333, 1165.66666666666, 1165.26666666666, 1319.93333333333, 3490.39999999999, 2284.66666666666, 5680.39999999999, 2224.73333333333, 2357.33333333333, 3341.33333333333, 2438.53333333333, 1269.73333333333, 2287.2, 1222.46666666667, 4570.99999999999, 1228.4, 29687.5333333331, 164907.933333341, 4677.13333333332, 1301.53333333333, 3514.4, 4630.73333333333, 2441.73333333333, 6589.66666666665, 4593.2, 6663.19999999999, 291.666666666667, 11221.8000000001, 164968.666666675, 21076.2666666667, 93124.5999999977, 165040.000000009, 164278.266666675, 164672.666666674, 
181.4, 2241, 1254.33333333333, 1225.66666666666, 3567.8, 1250, 2405.26666666667, 3480.73333333333, 1268, 1207.4, 2262.6, 3483.4, 1223.33333333333, 2395.66666666666, 2390.73333333333, 2349, 1221.06666666667, 1222.26666666666, 3437.8, 2361.06666666666, 2249.66666666666, 3500.26666666666, 3407, 1236, 1178.4, 1373.73333333333, 1203.66666666666, 2348.93333333333, 2428.06666666667, 1229.66666666667, 1301.73333333333, 1295.6, 1230.4, 1271.26666666666, 2438.06666666666, 3548.53333333333, 1209.73333333333, 2365.66666666667, 3438.4, 1334.33333333333, 2311, 1232.06666666667, 1186, 1262.26666666667, 2376.53333333333, 1304.06666666666, 1215, 1224.33333333333, 3383.73333333333, 1295.4, 1253.66666666666, 1311, 2363.26666666666, 2343.06666666666, 4582.73333333333, 2440.06666666666, 1234, 1259.06666666666, 1212.73333333333, 1228.06666666666, 1231, 1240, 2390.66666666666, 1234, 1271.93333333333, 2351.4, 1330.73333333333, 1261.26666666667, 2420.73333333333, 2445.33333333333, 2424, 1267.66666666666, 2437.06666666666, 1286.4, 1261.26666666666, 1305.86666666666, 1246.66666666666, 255.4, 2475.26666666666, 1278.06666666667, 1289.06666666667, 1261.66666666667, 1326.4, 1231.93333333333, 1266.26666666666, 3569.6, 1220, 1308.06666666667, 4579, 1232.06666666666, 2335, 2380.73333333333, 2362.4, 3560.99999999999, 1267.73333333333, 1270, 1221.26666666667, 1275.33333333333, 2403.2, 2408.06666666667, 1231.33333333333, 1239.33333333333, 2431.26666666666, 1228.73333333333, 1284.66666666666, 1258.33333333333, 1228, 2400, 1253.73333333333, 2310.53333333333, 1291.8, 2472.13333333333, 2444.4, 1257.06666666667, 1267, 1214.73333333333, 1319.66666666667, 1233, 1243.66666666666, 1248, 1265.06666666666, 1257.06666666667, 1213, 1221.66666666666, 1212.06666666667, 
5604.99999999999, 5598.33333333333, 110364.399999996, 16581.4000000001, 103744.93333333, 164763.600000008, 163485.666666674, 164836.266666675, 
232.066666666667, 1245.66666666666, 3526.59999999999, 1189, 2365.26666666667, 2365, 1337, 2398.8, 3371.2, 1248.33333333333, 1212.26666666667, 1231.73333333333, 1340.73333333333, 1272.93333333333, 2388.86666666667, 2264.33333333333, 4696.13333333333, 2434.93333333333, 1198.73333333333, 2347.93333333333, 1211.26666666667, 1275.4, 1212.33333333333, 1236, 1323, 2414.73333333333, 2332.06666666666, 1268.93333333333, 1224.33333333333, 1255.93333333333, 1314.93333333333, 1347.93333333333, 1217, 1276.26666666666, 2409.93333333333, 1203.33333333333, 2478.6, 3424.19999999999, 2342.26666666666, 1328.4, 2390.33333333333, 4669.73333333334, 2393.33333333333, 2428, 2359.66666666667, 1355.46666666667, 2414.2, 1235.73333333333, 2473.33333333333, 1231.06666666666, 1225.6, 1313.4, 1371.86666666666, 1330.4, 1226, 2324.2, 2349.4, 4728.73333333333, 3483.6, 1232.33333333333, 2339.6, 1235.33333333333, 2416, 4616.06666666666, 3481.6, 1262.66666666666, 1227.06666666666, 2434.93333333333, 1299.4, 1269.06666666666, 2239.26666666666, 1308.06666666667, 1231.06666666666, 1273.66666666666, 1335.6, 2419.26666666667, 3428.06666666666, 1228.33333333333, 2425.6, 3537.73333333333, 1216.33333333333, 3448.4, 2412.66666666667, 2363.33333333333, 2344.26666666667, 1222.06666666667, 2373.33333333333, 3343.4, 2231.66666666666, 2438.66666666666, 2376.66666666666, 3473, 1231.33333333333, 2388.6, 2395.4, 2298.33333333333, 2413.06666666667, 2485.93333333333, 1277.06666666666, 3505.6, 1176.73333333333, 3504.06666666666, 2438.33333333333, 3547, 1232.4, 3496.93333333333, 1298.06666666667, 1200.13333333333, 2410.8, 5664.39999999999, 1198.93333333333, 1266.26666666666, 2459.46666666666, 5581.93333333332, 1306.73333333333, 2365.66666666667, 2407.33333333333, 2386, 2408.4, 2381.8, 2315.33333333333, 2270.4, 1225.93333333333, 2420.06666666667, 3448.93333333333, 
141.466666666667, 2312.73333333333, 1308.73333333333, 1196, 1209.93333333333, 1193.6, 1201.73333333333, 1197, 2368.86666666666, 2401.73333333333, 3395.53333333333, 1211.73333333333, 1225.93333333333, 1265.93333333333, 2440.33333333333, 3409.73333333333, 1216, 1194.73333333333, 2338.8, 3585.8, 1230.4, 1181.73333333333, 1230.33333333333, 1211.26666666667, 1289, 1211.73333333333, 1208.6, 2356.6, 1283.73333333333, 1228.93333333333, 2372.66666666666, 1262, 1257, 3444.99999999999, 2333.13333333333, 1182.33333333333, 1306.73333333333, 2406.93333333333, 1316, 1266, 3430.53333333333, 2403, 3428.2, 3524.86666666666, 1296.13333333333, 1202.06666666666, 4592.59999999999, 1317.06666666667, 3528.33333333333, 1229.33333333333, 1276.06666666666, 1227, 3315.53333333333, 1254.73333333333, 2429, 2374.06666666666, 1268, 1283.4, 1257.4, 1217, 1212, 1266.66666666666, 2345.66666666667, 1254.33333333333, 2277.6, 3493.33333333333, 1229.66666666666, 1338.66666666666, 1202.93333333333, 1189, 1232.66666666666, 1205, 2375.6, 1243.4, 3552.6, 4624.26666666666, 3356.33333333333, 3398.06666666666, 1293.33333333333, 1246, 2410.06666666666, 3571.66666666666, 2421.93333333333, 1323.33333333333, 3395.26666666666, 2403.06666666666, 1266.66666666667, 1280.4, 1227.6, 1197.26666666666, 1322.93333333333, 2423.4, 1270, 1254, 1226.06666666666, 2331.33333333333, 2346.26666666667, 2415.93333333333, 1212.4, 1241.33333333333, 1215.66666666666, 1199, 5763.6, 1277.73333333333, 3441.66666666666, 1220.66666666667, 1325.06666666666, 2351.6, 2407.33333333333, 2379.4, 1231.66666666667, 2368.73333333333, 1285.06666666667, 3595.13333333333, 3525.13333333333, 2362, 1236.66666666667, 1265, 1232.4, 4570.53333333333, 4646.06666666666, 1320.6, 1247, 1206.26666666667, 1235.06666666667, 
216.4, 167.4, 1144.33333333333, 205.066666666667, 1219.33333333333, 1137.66666666666, 1158.33333333333, 1231.06666666666, 1281.6, 2318.86666666667, 1211.33333333333, 2339.86666666666, 2346, 2385.4, 2386.06666666666, 1279, 1194.26666666667, 2260.26666666666, 1204.4, 3359.66666666666, 1202.06666666666, 1214.93333333333, 1195.93333333333, 1294.26666666667, 3507.06666666666, 1291.4, 1279.33333333333, 1209.6, 1213.6, 1272, 2280.73333333333, 1202.66666666667, 1193.6, 1207.73333333333, 1244.33333333333, 4572.66666666666, 1206.26666666667, 1215.4, 1319.2, 1249.26666666666, 1212.93333333333, 1193.73333333333, 1200.33333333333, 3542.13333333333, 2382.4, 2359.46666666666, 3527, 2385.66666666667, 2256.33333333333, 2372.73333333333, 2235, 1295.06666666666, 1283.26666666666, 2334, 1207.73333333333, 1196.66666666667, 2390.6, 1322.73333333333, 1236, 1220.33333333333, 1220.66666666667, 1204, 3317.66666666666, 1289.73333333333, 1340.06666666667, 1259.33333333333, 1274.6, 1218.66666666666, 1214.93333333333, 3511.6, 2295.66666666666, 1218.33333333333, 2311.2, 2422.93333333333, 2315.93333333333, 3452.33333333333, 1219, 2350.66666666667, 2432.73333333333, 4548.66666666666, 1281.73333333333, 1315, 1307.66666666667, 1196.4, 1236.6, 1283.4, 1256.06666666666, 1215.33333333333, 1249.4, 2354.86666666666, 1207.06666666667, 2299.33333333333, 3524.4, 3427.06666666666, 2394.33333333333, 1241.33333333333, 2468.8, 1283.66666666667, 1296.33333333333, 2413.93333333333, 1227.66666666666, 1277.6, 1207.06666666667, 1296.33333333333, 1218.26666666667, 1275.73333333333, 1231.66666666667, 1272.4, 3554.19999999999, 3538.06666666666, 1206.33333333333, 1291.06666666666, 3406.33333333333, 3479.73333333333, 3464.33333333333, 1259.06666666666, 1305.06666666666, 1307.73333333333, 1349, 2398.06666666666, 1222.33333333333, 1248.4, 1222.66666666666, 1220.6, 2456.26666666667, 
259.733333333333, 250.333333333333, 1254, 3331.6, 3493.06666666666, 2503.6, 5553.33333333332, 234.066666666667, 5733.66666666666, 1343, 1344.26666666666, 1164.73333333333, 2282.66666666666, 4647, 2403.06666666666, 3564.26666666666, 1264.66666666667, 2450.2, 1348.4, 4682.73333333333, 2193.33333333333, 4578.26666666666, 1267.06666666666, 3311.6, 2450.53333333333, 5804.2, 4524.33333333333, 5633.99999999999, 3492.66666666666, 2424.06666666666, 1180.33333333333, 2261.66666666666, 2293.4, 2478.46666666666, 30844.3999999996, 105278.733333331, 10994.1333333334, 40763.7333333329, 106581.533333331, 20020.6, 113073.33333333, 83979.3333333319, 103617.733333331, 165273.600000009, 54111.0666666661, 144642.466666668, 165150.333333342, 164578.800000008, 164679.333333341, 
244, 2458.73333333333, 223.066666666667, 1317.33333333333, 220.8, 2414, 2334.46666666666, 1304.66666666666, 7604.06666666666, 4704.06666666666, 1203.66666666666, 1260.4, 1242.33333333333, 2338.26666666666, 1256.73333333333, 1245, 1274.4, 2396.73333333333, 1223.33333333333, 220.8, 2401.33333333333, 2408, 2436.6, 3556.06666666666, 4668.4, 1276, 1337.2, 2390.6, 1233.33333333333, 1287.4, 1254.06666666667, 3457.93333333333, 1153.4, 1232, 2410.33333333333, 2460.4, 4624.26666666666, 2394.33333333333, 2416.53333333333, 1231.66666666666, 2440.2, 1259.73333333333, 2353.26666666666, 1245.4, 2440.33333333333, 3464, 3581.06666666666, 2389.66666666666, 1341.6, 1301.06666666666, 1275.66666666666, 1270.26666666667, 2444.33333333333, 1269.4, 2431.86666666666, 2467.06666666666, 3626.4, 1253.4, 1240.06666666666, 4561.39999999999, 1154.4, 1218.66666666667, 1303.33333333333, 2433.46666666666, 1258, 2399.2, 3354.73333333333, 1398.6, 1265.66666666667, 1222.13333333333, 3552.2, 3483.73333333333, 1300, 3523.73333333333, 1216, 4624.4, 1344.53333333333, 2399.66666666666, 2274.4, 2381.26666666667, 1230.33333333333, 1222, 2422.26666666666, 2392.86666666666, 1208, 2267.86666666666, 2336.93333333333, 1204.33333333333, 1393.93333333333, 1272, 1299.06666666666, 1210, 1249, 3549.4, 1291, 2356.53333333333, 3492.6, 3509.06666666666, 2290.66666666666, 1229.66666666666, 1200.66666666666, 1215.33333333333, 1207.93333333333, 1262.06666666667, 2384.33333333333, 1267.73333333333, 1264.06666666667, 2457, 1236.4, 4582.26666666666, 1206.33333333333, 2410.66666666666, 1328.13333333333, 1335, 1222.06666666667, 3562.6, 2418.6, 1265.4, 1272.26666666666, 3565.53333333333, 2276, 1219.26666666666, 1252, 1226.93333333333, 1219.73333333333, 
260.066666666667, 161.333333333333, 1231.8, 1224.6, 1225.66666666667, 1215.93333333333, 1216.06666666667, 1330.6, 1279, 1285.26666666666, 2394.06666666666, 1315.93333333333, 1246.26666666667, 2423.73333333333, 1271, 2459.46666666667, 1214.06666666666, 2442.86666666666, 2421.4, 2420.33333333333, 1176.66666666666, 1258.26666666666, 2374.93333333333, 1239.73333333333, 1208.66666666666, 1241.06666666666, 1189.6, 1230.6, 1265.26666666666, 2453.86666666667, 1218.33333333333, 5587.33333333333, 4455.66666666666, 1210, 1184.73333333333, 1185.26666666666, 2379.6, 2242.73333333333, 3500.86666666666, 2399.06666666667, 2414, 1277.4, 2420.93333333333, 1303.66666666666, 1231.13333333333, 1170.66666666666, 2382.33333333333, 2416.06666666666, 2452.93333333333, 3492.66666666666, 3508, 2358.33333333333, 2446.66666666666, 2295.93333333333, 2453.33333333333, 1189.6, 6698.26666666666, 2323, 2422.6, 3505.39999999999, 1220.8, 1290, 3539.73333333333, 2402.73333333333, 3464.93333333333, 2323.33333333333, 4599.99999999999, 2401.46666666666, 1313.53333333333, 4633.26666666666, 2215.4, 10046.6, 3597.6, 5657.59999999999, 3520.53333333333, 12199.8666666668, 2346, 6835.06666666665, 3461.06666666666, 1360.46666666666, 12336.4000000001, 18921.6666666667, 21141.2666666667, 17698.5333333335, 53998.3333333328, 164907.600000008, 164781.000000009, 57529.466666666, 164934.533333342, 164744.933333342, 165189.000000009, 
169.333333333333, 1172.06666666666, 1219.33333333333, 33133.0666666664, 59277.1999999995, 164566.466666675, 39382.7999999996, 164843.466666674, 164669.333333342, 164577.933333341, 
183.666666666667, 224.4, 1137.66666666666, 1111.33333333333, 2181.6, 1163.66666666666, 1147, 1165.93333333333, 3345.33333333333, 2237.73333333333, 2300.6, 1163.4, 3366.66666666667, 1203.4, 2284.2, 8939.73333333333, 3456.33333333333, 4548, 5555.73333333332, 4551.73333333333, 2408.06666666667, 4565.33333333332, 2371.06666666666, 1212, 2419.06666666666, 4482.93333333333, 1215.73333333333, 2416, 4559.46666666666, 1303.06666666667, 1204.06666666667, 5511.93333333333, 2463, 6750.46666666666, 2226.06666666666, 2330.66666666667, 4592.2, 3563.73333333333, 3377.13333333333, 12171.1333333334, 4601.39999999999, 3507, 5682.26666666666, 5717.13333333332, 164998.266666674, 164977.933333341, 164831.600000008, 
152.4, 211.666666666666, 2387.06666666667, 16623.3333333335, 27647.8666666665, 23297.5333333333, 4536.73333333333, 19848.0666666667, 8923.8, 8926.73333333333, 149165.600000003, 164118.933333341, 43986.3333333329, 164482.333333342, 164885.333333342, 164591.000000008, 
1229, 2338.06666666666, 3545.6, 2408, 6648.19999999999, 7824.13333333331, 38357.9333333329, 66847.3333333328, 2391.06666666666, 79947.4666666654, 51735.7333333329, 164584.333333341, 139746.733333332, 86563.1999999983, 165746.333333342, 164508.000000008, 80023.3999999987, 164623.333333341, 164719.666666674, 165432.866666675, 
1405.26666666667, 245.4, 6696.86666666665, 3468.73333333333, 4528.79999999999, 15582.7333333335, 8824.66666666667, 32905.3999999997, 16442.4000000001, 5675.53333333333, 29758.7333333331, 9997.40000000002, 40656.9999999996, 164975.866666675, 164871.333333342, 83258.0666666649, 164875.800000008, 164941.000000008, 165031.933333341, 

