1334.33333333333, 163785.666666675, 164331.533333341, 78311.0666666655, 13393.5333333334, 147423.066666668, 164089.000000009, 36375.533333333, 3457.2, 164760.866666675, 40960.3999999996, 2432.13333333333, 50112.9999999995, 100423.466666664, 163088.933333341, 109763.53333333, 85788.5333333315, 164576.933333342, 25336.1333333332, 24396.1999999999, 71835.7333333322, 93892.9999999983, 164025.000000009, 106311.399999997, 163275.133333342, 42179.3999999996, 153390.733333337, 42929.6666666662, 129998.066666663, 142928.666666667, 134706.999999997, 77435.4666666655, 156711.466666672, 128623.533333328, 163633.466666675, 132809.266666663, 116971.73333333, 108806.53333333, 74643.3333333323, 130924.333333328, 163460.533333341, 9016.6, 163955.200000009, 107696.93333333, 141456.066666666, 48446.7999999996, 163853.200000008, 164401.600000009, 164241.333333342, 
1368.73333333333, 98107.866666664, 54280.066666666, 37682.6666666663, 86482.5999999983, 64330.3333333327, 164027.000000008, 164654.000000008, 164192.333333342, 
163365.600000008, 47181.9999999996, 164389.933333341, 164852.600000009, 165556.200000009, 
4499.93333333333, 163537.266666674, 164046.933333342, 164336.800000008, 
12254.4666666667, 163409.933333341, 140248.4, 163916.866666675, 164336.933333342, 165382.933333342, 
164189.933333342, 164228.000000008, 164410.333333342, 
163325.600000008, 162868.933333341, 164633.933333342, 
112614.666666663, 153831.066666671, 163906.000000008, 164208.333333342, 164929.266666675, 
7873.66666666665, 66435.3999999993, 165857.600000008, 165117.133333342, 165906.933333342, 
114.8, 5696.39999999999, 122339.73333333, 1403.6, 73033.399999999, 165261.200000009, 150730.333333337, 94721.9999999981, 159318.000000006, 164803.266666675, 165093.666666675, 95904.0666666644, 165142.200000008, 165213.133333341, 163937.866666674, 11392.9333333334, 164735.600000009, 165241.600000009, 125196.066666663, 165131.266666676, 146506.133333336, 92388.8666666648, 3510.93333333333, 58548.0666666661, 116725.666666663, 164862.000000008, 57277.2666666661, 36434.8666666663, 165265.266666676, 165123.600000008, 127375.93333333, 164970.666666674, 164561.933333342, 86999.7999999986, 39758.5999999996, 165489.933333342, 165363.266666675, 165073.000000008, 
163218.333333341, 163780.133333342, 163980.000000009, 
102535.733333331, 56878.5333333327, 165734.266666675, 164340.600000008, 164024.333333342, 
163530.000000008, 163714.266666675, 164049.600000008, 
163546.666666675, 163325.933333342, 10194.8666666667, 15751.4666666668, 13558.4666666668, 19954.0666666667, 32045.733333333, 39835.5333333329, 69576.8666666658, 163946.933333341, 98846.3333333305, 163403.666666675, 150373.733333336, 10159.4, 163044.933333341, 25601.4666666666, 129684.933333329, 107645.13333333, 154213.266666672, 55187.7333333328, 134233.399999997, 164463.666666675, 105109.73333333, 164429.333333342, 163721.600000009, 163633.266666675, 
41823.6666666663, 18980.3333333334, 15543.2000000002, 164892.600000008, 165364.266666676, 165372.266666675, 
40096.5333333329, 124886.866666663, 154591.066666671, 163639.266666675, 165745.666666675, 145241.866666667, 164226.000000008, 163437.133333341, 164366.266666675, 
163844.000000008, 163849.533333342, 163965.266666675, 
73612.9999999991, 70178.1333333325, 88252.5999999984, 163474.333333341, 163556.266666675, 165433.266666675, 
125182.466666663, 20993.3333333333, 164739.933333341, 164732.333333341, 164712.000000009, 
163863.600000008, 164149.000000008, 163572.200000008, 
163164.266666675, 52692.9999999996, 164102.600000009, 163847.333333342, 166438.733333345, 
261.933333333333, 20282.7333333334, 169523.733333346, 170003.06666668, 49472.7333333329, 164773.933333341, 165527.333333342, 165568.266666675, 
128277.333333328, 163474.933333341, 163531.333333341, 164059.666666675, 
147.733333333333, 163089.000000008, 163384.666666675, 163356.000000008, 
163670.533333341, 163867.933333342, 164017.000000009, 
3421, 75883.7333333322, 163188.333333341, 163073.000000008, 163410.000000008, 
163270.133333341, 163243.000000008, 166154.733333345, 
168594.066666679, 168891.06666668, 37773.6666666664, 165003.066666675, 164431.666666675, 164938.933333341, 
152591.400000004, 28835.1333333332, 26537.3333333332, 147825.133333336, 40717.7333333329, 163888.666666675, 164205.600000009, 163747.333333341, 
163822.600000008, 163606.933333342, 163849.000000008, 
208.066666666667, 22163.6, 41782.1333333329, 30941.4666666664, 26507.2666666665, 13305.5333333334, 55093.1333333329, 37410.7999999996, 36517.7999999997, 48412.9999999997, 18757.5333333334, 53933.0666666662, 29927.5333333331, 18801.9333333334, 73749.3999999989, 48425.1999999997, 148329.666666669, 127304.399999996, 52930.7333333328, 86873.1333333317, 27646.0666666665, 1301.26666666667, 61922.1333333328, 19884.6, 27714.1999999998, 18897.8666666667, 13399.8000000001, 39826.9999999996, 33173.9333333331, 45423.3999999996, 164906.000000008, 56102.3333333328, 29852.7333333331, 31064.4666666664, 35331.9999999997, 34133.3999999997, 66173.7999999993, 108659.999999997, 70836.6666666659, 17856.4000000001, 74794.999999999, 92579.2666666647, 44122.3999999996, 84549.7999999983, 95850.3333333315, 165467.933333343, 108830.466666664, 134376.733333331, 164959.866666675, 23273.7333333333, 165842.333333342, 165937.200000008, 165062.666666674, 
44901.0666666662, 164267.266666675, 164060.333333342, 164004.266666675, 
3560.8, 3500.73333333333, 1324.66666666667, 131.533333333333, 2235.26666666666, 2434.8, 10888.2666666667, 21223.2666666667, 64586.3999999995, 164195.666666675, 163973.000000008, 163606.333333341, 
162.4, 198.733333333333, 2270, 1189.4, 18867.0666666667, 14384.1333333335, 13185.9333333334, 2297.53333333333, 18462.2000000001, 81193.9999999986, 49598.7999999995, 80187.0666666654, 126570.866666662, 163042.000000008, 71682.799999999, 164018.266666675, 165543.600000008, 164114.466666675, 
130.733333333333, 28950.1333333331, 35436.7333333331, 51923.0666666661, 31109.0666666664, 153763.400000004, 163344.266666675, 164000.600000008, 163912.600000008, 
121.666666666666, 2363.66666666666, 34139.4666666663, 164909.600000008, 3564.26666666666, 30923.6666666664, 163761.333333342, 164701.333333342, 164652.000000007, 
151.333333333333, 2320.93333333333, 4440.93333333332, 1275.06666666667, 1335.46666666666, 164324.733333342, 164779.266666675, 164306.333333342, 
12190.4000000001, 143308.733333333, 163748.866666675, 164331.666666675, 164288.333333342, 
1142.6, 193.933333333333, 7929.79999999999, 5809.46666666666, 164061.600000008, 164838.600000008, 164955.266666675, 
90.7333333333332, 1244.8, 4498.59999999999, 8024.73333333332, 164636.866666675, 70468.0666666659, 165214.000000008, 165583.666666675, 164984.333333342, 
252.733333333333, 2275.4, 2265.4, 58286.7999999994, 163698.266666674, 164661.666666675, 163522.666666675, 
2182.26666666666, 17464.9333333335, 85947.3333333319, 57248.3999999995, 153243.466666671, 62204.6666666663, 47336.6666666662, 164864.333333342, 163882.266666675, 128359.666666663, 124766.666666662, 164208.933333342, 30103.7333333331, 111282.399999997, 65566.0666666664, 163958.466666675, 164392.866666675, 164330.933333342, 
21076.4666666667, 3581.4, 47525.0666666662, 163719.600000008, 163820.333333341, 49582.7999999995, 57360.7999999994, 141771.933333333, 165959.533333342, 164510.600000009, 164906.266666675, 
4491.73333333333, 43009.3999999996, 13352.6666666668, 11109.6666666667, 41568.0666666663, 164402.000000008, 43984.1999999996, 115021.53333333, 127367.399999996, 164014.600000008, 163291.933333341, 165161.000000009, 
147.4, 138.066666666667, 1113, 20677.5333333334, 1248.2, 5602.33333333332, 26276.1999999999, 58962.7999999996, 164931.666666675, 164416.000000008, 165340.000000008, 
121.4, 153204.533333337, 163696.266666675, 163859.866666675, 163971.933333342, 
1318, 2331.8, 7859.99999999999, 48360.4666666662, 165151.666666675, 164845.000000008, 164995.600000008, 
1112, 222.333333333333, 165250.866666675, 165045.933333342, 165440.933333342, 
2160.46666666666, 21840.6666666667, 162756.666666675, 163652.933333341, 110750.33333333, 163366.200000008, 163994.933333342, 162061.333333341, 163906.800000008, 163737.400000008, 91025.9999999978, 164010.333333342, 163524.333333341, 163995.800000008, 
85749.066666665, 14473.4666666668, 43032.6666666663, 27840.6666666665, 126890.399999997, 7949.99999999999, 164214.666666675, 164107.933333342, 164582.533333342, 
255.4, 61119.933333333, 30447.6666666664, 156457.666666672, 164729.933333341, 164499.866666675, 164572.266666675, 
1152.73333333333, 3317.66666666666, 8981, 5753.39999999999, 28787.9333333331, 163720.933333341, 36286.3999999996, 163436.933333342, 55115.3999999994, 163246.666666674, 163659.000000008, 164055.333333342, 
121.666666666666, 1306.06666666667, 165, 12242.3333333334, 99421.9333333306, 70091.3999999993, 164343.933333342, 165128.200000008, 164927.266666674, 
136, 169.733333333333, 1313.13333333333, 52083.5999999997, 20955.5333333333, 33699.3333333329, 34344.333333333, 147368.200000002, 163423.600000008, 163783.666666675, 101722.866666664, 164663.000000008, 25471.7999999999, 164090.466666675, 164642.666666675, 164086.266666675, 
3559.66666666666, 197.4, 163804.266666675, 163795.933333342, 163872.333333342, 
226.066666666667, 3316.66666666666, 163610.600000008, 164098.666666675, 164168.533333341, 
66828.1333333329, 163896.600000009, 99888.1333333309, 9075.73333333334, 92748.1333333315, 46440.6666666662, 50609.8666666662, 163227.000000008, 4649.93333333333, 73099.3333333323, 49195.733333333, 163483.666666675, 76918.3333333322, 164713.600000008, 164297.066666675, 164416.333333342, 
113.6, 25414.7333333332, 10051.0666666667, 164455.933333342, 164540.533333341, 163762.666666675, 
97.6, 132.266666666667, 1355.53333333333, 3249.26666666666, 165226.333333342, 165042.000000008, 164652.933333342, 
6620.73333333332, 2258.8, 4548.86666666666, 2393.4, 164392.533333341, 115181.466666663, 164115.266666675, 57288.3999999995, 165845.266666675, 165341.866666675, 150337.600000003, 164085.933333342, 164059.000000008, 164201.533333342, 
189.066666666667, 1327.06666666667, 1305.26666666667, 1228.26666666666, 1213.73333333333, 194.933333333333, 2386.4, 2388.66666666666, 1288.66666666667, 2413.73333333333, 1260.66666666667, 1312.73333333333, 3449.86666666666, 2456, 1248.4, 1283, 2398, 2395.66666666667, 3567.13333333333, 2400.66666666666, 1216.66666666666, 1272.66666666667, 1335.66666666667, 1307.66666666667, 2431.4, 3462.26666666667, 1258.86666666667, 2400.6, 1288.33333333333, 1245.8, 2451.73333333333, 3498.99999999999, 1286.8, 1251.4, 2387.4, 1228.73333333333, 2368.93333333333, 1261.93333333333, 2397.33333333333, 1299.53333333333, 1356.46666666667, 1431.73333333333, 1422.33333333333, 1298.2, 1250.46666666667, 1329.66666666666, 1337.13333333333, 3464.93333333333, 1257.06666666666, 1238.26666666667, 1238.93333333333, 1222.46666666666, 1316.93333333333, 1250.4, 1371.33333333333, 1253.06666666666, 1281.73333333333, 1262.2, 2413.86666666666, 2363.6, 1333.8, 1288.13333333333, 2447.2, 1236.4, 4611.53333333333, 2465.33333333333, 1255.93333333333, 1248.86666666666, 1346.2, 1291.73333333333, 1382.53333333333, 3494.8, 1301.06666666666, 1276.26666666666, 1301.8, 1250.13333333333, 3443.93333333333, 1255.53333333333, 2413.2, 1247.06666666666, 1224.73333333333, 2402.73333333333, 1230.6, 1316.66666666666, 1311.66666666666, 2415.4, 3505.06666666666, 1173.73333333333, 1246.93333333333, 3501, 1355.73333333333, 1329.13333333333, 1197.4, 1363.8, 3502.86666666667, 1244.06666666666, 1230.33333333333, 2383.4, 1318, 1247.66666666666, 1288.66666666666, 1276.33333333333, 3518.39999999999, 1300, 1331.93333333333, 1238.73333333333, 1292.06666666666, 1225, 4634.6, 1288.33333333333, 2364.73333333333, 2329.26666666667, 1307.66666666667, 2384.4, 1290.73333333333, 2390.4, 1217.66666666667, 2342.33333333333, 2376.73333333333, 1242.06666666667, 1321.06666666667, 2427.6, 1314.66666666667, 1219.33333333333, 1299.73333333333, 
161.733333333333, 242.066666666667, 1329.4, 2353.66666666667, 1178.06666666667, 1245.33333333333, 1278.4, 1224, 1233.06666666666, 1238, 1233.8, 1194.73333333333, 3488.33333333333, 2401, 1304.73333333333, 1223.4, 2320.66666666667, 1203.06666666667, 1240.4, 2306.53333333333, 1341.2, 1317.8, 3563.26666666667, 2460.86666666666, 1295.26666666666, 1314.4, 3500.6, 1282.86666666666, 1301, 1280.2, 1252.26666666667, 1266.86666666666, 1194.53333333333, 2440.99999999999, 2383, 1266.86666666666, 2327.26666666666, 1255.53333333333, 1319.06666666666, 2413.66666666667, 1405.46666666666, 2412, 2386.26666666667, 1203.86666666666, 2383.06666666666, 1274.46666666666, 2372.13333333333, 1272.06666666666, 1206.2, 6892.39999999999, 1269.6, 278.466666666667, 3589.93333333333, 2360.13333333333, 6898.19999999998, 2466.86666666666, 1384.13333333333, 1280.86666666666, 1257.93333333333, 3463.4, 1237.13333333333, 2393.53333333333, 1302.4, 1369.86666666666, 1309.26666666666, 2431.66666666667, 1339.53333333333, 2442, 2400.26666666666, 1311.13333333333, 1273.66666666666, 1248.86666666666, 2363.86666666666, 2409.4, 1235.66666666666, 330.133333333333, 1232.26666666666, 326.066666666667, 1258.46666666667, 1202.53333333333, 1363.06666666666, 1321.33333333333, 1232.6, 2285.53333333333, 1267.66666666666, 1205.53333333333, 1253.93333333333, 2470.93333333333, 2460, 3522.6, 1283.13333333333, 2379.46666666666, 2269.93333333333, 1185.13333333333, 1345.66666666666, 1232.93333333333, 1234.6, 2459.06666666666, 1294.93333333333, 1276.33333333333, 1370.6, 1378.6, 2513.93333333333, 2444.53333333333, 1235.06666666666, 1364.73333333333, 2287.53333333333, 2300.06666666666, 2445.13333333333, 1271.46666666667, 2367.6, 2424.4, 1322.93333333333, 1311.8, 1367.93333333333, 3515.19999999999, 1318.93333333333, 4543.93333333332, 1306.93333333333, 2373.33333333333, 3595.93333333333, 3491.26666666667, 1218.93333333333, 2309.66666666667, 1264.26666666667, 
4439, 1304.66666666666, 2330.33333333333, 2416.06666666666, 1303.73333333333, 2308.06666666666, 1268.46666666666, 1193.33333333333, 1239, 1362.26666666667, 2423.6, 2427.06666666666, 1236.86666666666, 1253.4, 3501.6, 1268.4, 1284.73333333333, 1238.33333333333, 1303.66666666666, 1225.66666666666, 1338.53333333333, 1223.33333333333, 3507.46666666666, 2404.66666666666, 1258.33333333333, 2361.4, 3498.33333333333, 1225.4, 1309.33333333333, 1229.06666666667, 1210.73333333333, 1255.06666666667, 1240.66666666666, 219.733333333333, 1319.73333333333, 229.133333333333, 2400.93333333333, 1270.4, 1275.06666666667, 2349, 1305.73333333333, 1226.13333333333, 1222.86666666667, 1263.66666666667, 1236, 237.133333333333, 1259.53333333333, 2385.73333333333, 3496.46666666666, 224.4, 244.133333333333, 1348, 1291.93333333333, 2389.86666666667, 2408.33333333333, 1296.6, 1268.4, 277.333333333333, 263.2, 2370.13333333333, 1260.13333333333, 1362.6, 1325.73333333333, 2437.73333333333, 1260.33333333333, 1232.86666666666, 220.066666666667, 2475.53333333333, 2403, 273.666666666667, 2386.8, 252.133333333333, 1274.06666666666, 1387.46666666666, 1233.73333333333, 3583.6, 2401.46666666667, 277.066666666666, 264.6, 1272.93333333333, 2307.26666666666, 1394, 237.466666666667, 3498.59999999999, 286.533333333333, 1299.73333333333, 1198.66666666667, 1331.66666666666, 2341, 2440, 231.133333333333, 1270.4, 1240.2, 234.8, 233.8, 1232, 1274.46666666667, 2447.33333333333, 271.933333333333, 2372.93333333333, 1245.46666666666, 1280.93333333333, 1280.26666666666, 1234, 267, 1234.06666666667, 1387.46666666666, 1312.53333333333, 1322.73333333333, 2354.06666666666, 1333.2, 1229.86666666667, 3412.93333333333, 1257.8, 277.2, 2410, 1313.06666666667, 1342.26666666666, 1234.8, 1289.86666666667, 240.8, 2380.86666666667, 241.466666666667, 1236.26666666667, 292.4, 
2346.33333333333, 2381.46666666667, 1255.66666666666, 1358.13333333333, 1264.93333333333, 2242.66666666666, 1240.93333333333, 1282.13333333333, 1262.06666666667, 3516.26666666667, 3319.06666666666, 1312.33333333333, 2375, 2305.73333333333, 3515.66666666667, 3509.4, 4537.66666666666, 1253.73333333333, 3419.33333333333, 3466.06666666666, 3385.8, 4602.99999999999, 1255.13333333333, 1307.13333333333, 4663.19999999999, 1330.6, 2399.26666666667, 1300.33333333333, 1290.66666666666, 5753.33333333333, 1279.73333333333, 3523.93333333333, 2472.93333333333, 48229.6666666663, 163982.533333342, 163255.600000008, 77753.8666666654, 163976.333333342, 164788.133333342, 163956.266666675, 
1135.06666666666, 2310.33333333333, 3460.73333333333, 3497.06666666666, 2408, 4549.86666666666, 3483.93333333333, 3501.26666666666, 1223.73333333333, 3490.4, 2361.66666666666, 1294.6, 1332.8, 2450.4, 1321.6, 2362.8, 1211.06666666667, 1298.66666666666, 1339.2, 2276.66666666667, 2403.33333333333, 1329.53333333333, 2413.6, 2325.2, 2294.66666666667, 2276.46666666666, 1289.53333333333, 1238.6, 1266.53333333333, 1236.93333333333, 2383.6, 1244.8, 1322.2, 3440.6, 1251, 2382.2, 1241.13333333333, 2348, 2405.53333333333, 1208.46666666666, 2460.46666666666, 1331.33333333333, 4593.33333333333, 4612.2, 2406.26666666666, 1328.8, 1254.06666666667, 2456.66666666666, 2443.53333333333, 8042.33333333332, 2336.73333333333, 1299.46666666666, 1286.53333333333, 2464.53333333333, 5725.19999999999, 1440.8, 2397.66666666667, 1238, 1257.4, 2359.33333333333, 1299.73333333333, 1290.66666666666, 1259.2, 1345.66666666667, 2436.2, 333.466666666667, 1245.8, 1286.86666666666, 1271.53333333333, 1360, 2270, 1272.26666666666, 1273.73333333333, 1262.53333333333, 2450.66666666666, 2426.93333333333, 3560.4, 3572.46666666666, 2434.2, 1307.26666666666, 1294.8, 3505.8, 2417.46666666666, 2447.86666666666, 1281.66666666667, 1252.8, 1294.86666666666, 2363.06666666667, 2364.26666666666, 1267.66666666666, 2429, 1237.73333333333, 1296.06666666666, 2347.8, 2372.4, 1367.86666666667, 3489.6, 1358.66666666667, 1245.06666666667, 1296.46666666667, 3519.93333333333, 1251.2, 2455.86666666666, 1276.46666666666, 2476.2, 1331.53333333333, 1279.46666666667, 1275.06666666666, 1270.6, 1300.93333333333, 3546.53333333333, 1280.93333333333, 1235.66666666666, 1249.66666666666, 2385.86666666666, 1239.4, 2413.4, 2411.06666666666, 1328.26666666666, 3473, 1319.4, 1285.73333333333, 3440.13333333333, 1251.33333333333, 2410.06666666666, 
4673.26666666666, 3466.66666666666, 6838.66666666665, 6886.26666666665, 6813.79999999998, 24378.4666666666, 11156.1333333334, 7853.33333333331, 1355.33333333333, 1419.6, 7863.13333333331, 17754.6000000001, 3497.6, 24338.1999999999, 37447.6666666663, 82139.3999999986, 41794.8666666663, 44026.5333333329, 61650.1999999995, 26499.7333333332, 78434.1333333321, 67599.1333333329, 163467.666666675, 163450.266666675, 164364.933333341, 
260.333333333333, 4625.66666666666, 3494.33333333333, 2337, 4652.33333333333, 2367.66666666666, 3546.2, 3501.2, 3369.73333333333, 3421.73333333333, 1261.33333333333, 1270.4, 1250.33333333333, 1243.06666666667, 1212, 2394.2, 2283.53333333333, 1226.33333333333, 2409.26666666666, 1268.73333333333, 1215.73333333333, 245.666666666667, 1233.4, 1217.73333333333, 1264.66666666666, 2392.2, 2448.93333333333, 1200.4, 1333.6, 2391.26666666666, 2446.06666666666, 1257.73333333333, 2485.4, 1267.33333333333, 3472.93333333333, 1309.33333333333, 2404.13333333333, 1245.33333333333, 3514.13333333333, 1210.33333333333, 1232.8, 1262.4, 277, 276.533333333333, 236.133333333333, 1335.6, 1207.06666666667, 1242.4, 1253.13333333333, 2351.86666666666, 2384.66666666667, 1349, 1248.46666666666, 1255.06666666667, 2351.2, 1245.66666666667, 265.8, 1278.13333333333, 1212.93333333333, 1242.26666666667, 1257.73333333333, 4531.59999999999, 234.133333333333, 1241.4, 1271, 2392.6, 1243.26666666667, 1324.33333333333, 1226.6, 1336.13333333333, 1219.6, 3445.06666666666, 1243.13333333333, 2332.8, 1260.6, 1115.2, 270.6, 1206.06666666667, 213.2, 3428.33333333333, 1213.4, 2355.6, 1265.26666666667, 207.066666666666, 2365.73333333333, 1267.33333333333, 1275.8, 1254.4, 1200.33333333333, 1164.46666666667, 216.866666666667, 222.866666666666, 254.2, 2410.13333333333, 269.866666666667, 248.666666666667, 1403.6, 260.533333333333, 1283.2, 1284.33333333333, 213.533333333333, 1286.2, 213.066666666666, 198.266666666667, 1334.4, 2411.39999999999, 1224.33333333333, 210.2, 1321.73333333333, 2271.26666666666, 2308.8, 1199.4, 263.866666666667, 1234.8, 2387.73333333333, 1327.53333333333, 2416, 224.733333333333, 2408.2, 1234, 227.466666666667, 1268.13333333333, 1101.93333333333, 2328.4, 250.866666666667, 
199.666666666667, 2421.6, 2281.93333333333, 1236.4, 2433.33333333333, 4578.26666666666, 2352.66666666667, 1272.66666666667, 3504.93333333333, 1274.46666666666, 2370.73333333333, 3542.26666666667, 1346.06666666667, 1269.33333333333, 2474.2, 2367.26666666666, 1330.2, 1295.06666666666, 2463.4, 1249.66666666666, 2426.73333333333, 2351.73333333333, 1312.13333333333, 1263.66666666667, 1257.86666666666, 2453.73333333333, 2317.73333333333, 2433.06666666666, 2410, 3513.33333333333, 3601.86666666666, 1288.4, 1266, 1231.66666666666, 2421.46666666666, 1260.73333333333, 1317, 1274.8, 1344.46666666666, 1269.8, 1266.2, 1285.33333333333, 4616.4, 1246.46666666666, 2379.26666666667, 1266.4, 2305.06666666666, 2443.53333333333, 1245.4, 2363.73333333333, 1234.06666666667, 1305.06666666666, 1277.2, 1351.46666666666, 1345.86666666666, 1299.33333333333, 1264.06666666666, 2418.6, 1368.73333333333, 1232, 1216.66666666666, 1269.73333333333, 2403.06666666666, 1239.06666666667, 1246.33333333333, 1229.06666666666, 1240.06666666667, 2311.06666666666, 3499.26666666666, 226.8, 3565.73333333333, 2333.33333333333, 1271.6, 1321.13333333333, 224.8, 1265.6, 1299.06666666666, 1257.4, 2416.66666666667, 1283.73333333333, 1253.33333333333, 1316.6, 1302.66666666666, 1251, 2438, 1351.66666666667, 1228.4, 2401.93333333333, 2371.06666666666, 1260.73333333333, 1369.26666666666, 1238.46666666667, 1325.73333333333, 1307.06666666666, 1231.73333333333, 2324.33333333333, 1233.66666666666, 1228.66666666666, 1320.13333333333, 1232.33333333333, 1352.46666666666, 1254.33333333333, 1229, 2362.26666666667, 1250.66666666666, 1308.8, 1286.33333333333, 1235.06666666667, 213.2, 1369, 1345.73333333333, 1273.8, 1289.06666666666, 1228.8, 1361.66666666667, 1358.86666666667, 1268.06666666666, 1323.73333333333, 1393.73333333333, 204.066666666666, 1421.26666666667, 1309.2, 1269.8, 1361, 2499, 
251, 2310.26666666666, 3438.33333333333, 2395.33333333333, 2347, 2383, 1221.06666666667, 3449.4, 4456.46666666666, 3435.13333333333, 1238, 1294.66666666666, 2395.46666666666, 2337.8, 1260.33333333333, 1311.8, 2393.93333333333, 1290.6, 2339.93333333333, 3538.73333333333, 5643.59999999999, 1210.93333333333, 1273.66666666666, 2371.86666666667, 1290.26666666666, 1294.8, 1321, 3472.06666666666, 1244.4, 2350.86666666666, 2399.33333333333, 1282.66666666666, 3476.4, 1247, 2415.2, 1252.73333333333, 4529.4, 1291.06666666666, 1261.93333333333, 1244.06666666667, 2311, 2411.6, 3530.79999999999, 1295.2, 1285.6, 2400.46666666666, 2417.46666666667, 2383, 2317.66666666666, 2350.66666666667, 1287.13333333333, 1290.13333333333, 2332.66666666666, 1218.93333333333, 4601.2, 2370.99999999999, 2346.73333333333, 2425.73333333333, 2336, 1282.8, 2380.73333333333, 2232.66666666666, 1262.26666666666, 1288.46666666666, 2404.8, 1291.13333333333, 1265.6, 3440.46666666666, 1264.26666666666, 4534.19999999999, 1325.4, 2324.6, 2374.13333333333, 2453.8, 1318.93333333333, 2442.06666666666, 2352.13333333333, 1250.86666666666, 4617.73333333333, 1272.26666666666, 2401.53333333333, 2295.26666666666, 1297.33333333333, 3474.2, 1251.13333333333, 5680.8, 3485.33333333333, 5580.66666666666, 1326.53333333333, 1282.53333333333, 1260.53333333333, 2338.26666666667, 1281.73333333333, 4495.13333333333, 2398.73333333333, 2432.86666666666, 1384.73333333333, 1266.66666666666, 1313.33333333333, 287.866666666667, 2368.53333333333, 3472.26666666666, 2378.93333333333, 2346.73333333333, 380.333333333333, 1304.73333333333, 2394.6, 1304.53333333333, 1313.73333333333, 2400, 2330, 6765.93333333333, 3389.39999999999, 1333.4, 1285, 1269.53333333333, 1298.2, 1292.6, 4490.13333333333, 2373.13333333333, 1284.73333333333, 3535.26666666666, 1304.13333333333, 1274.13333333333, 1280.66666666667, 
198.4, 2499, 1287.66666666667, 1227.93333333333, 2419.8, 1278.66666666666, 2335, 1197, 1309.4, 1205.06666666667, 1185.33333333333, 2424.93333333333, 2429, 4448.66666666666, 4594.86666666666, 5655.33333333333, 1211.33333333333, 1208.93333333333, 2253.39999999999, 2315.33333333333, 1210, 2284.13333333333, 2356.33333333333, 2276.26666666666, 2303.06666666667, 1268, 4617.93333333333, 3510.33333333333, 1211.8, 1172.6, 2241.86666666667, 4577.66666666666, 1302.73333333333, 3411.6, 2320.26666666666, 3497.33333333333, 1219.73333333333, 4599.06666666666, 1223.06666666666, 1313.86666666667, 1267.2, 3450.26666666667, 2376.86666666666, 5674.73333333333, 3537.66666666666, 1221.8, 1295.8, 1186.33333333333, 2417.6, 1217.66666666666, 2384.73333333333, 1261, 2272.66666666666, 2409.06666666666, 1317.8, 3432.66666666666, 1300.33333333333, 2319.4, 3490.06666666666, 2308.93333333333, 2314, 2395.46666666666, 2308, 1224.33333333333, 1254.2, 1274.93333333333, 1293.4, 1290.33333333333, 2382.8, 3507.26666666666, 1230.33333333333, 3536.39999999999, 2296.73333333333, 2408.86666666666, 1267.06666666667, 4646.13333333333, 2344.73333333333, 1304.13333333333, 1250.53333333333, 1354.66666666667, 2420.4, 1355, 2419.06666666667, 2386.53333333333, 1231.6, 2396.13333333333, 1216.06666666667, 5738.26666666666, 1256.06666666666, 1352, 1272.73333333333, 2427.53333333333, 1255.13333333333, 7964.59999999999, 1196.26666666666, 2414.06666666666, 1211.06666666666, 2437.86666666667, 2440.33333333333, 2421.4, 1214.26666666667, 2424.93333333333, 2301.4, 1303.86666666666, 1246, 2463.2, 2437.26666666666, 3511.66666666667, 1208.73333333333, 1197.66666666667, 2270.13333333333, 1182.2, 2439.33333333333, 1241.73333333333, 1307.86666666667, 1312.26666666666, 1218.4, 1304.66666666667, 2265.26666666667, 1245.8, 1265.46666666666, 1281.46666666667, 1184, 1246.06666666667, 1281.4, 
125.733333333333, 254.866666666667, 216.066666666667, 2350.6, 6757.99999999999, 6615.79999999998, 9915.00000000002, 12020.6666666667, 11175.8000000001, 2406.93333333333, 1309.86666666666, 2414.2, 14312.0666666668, 18663.4000000001, 7863.39999999999, 4601.2, 4388.46666666666, 7742.93333333332, 4513.33333333333, 4443.2, 7821.39999999998, 2349.8, 5722.79999999999, 13240.8666666668, 9941.6666666667, 8841.2, 18616.7333333334, 45051.7333333329, 35090.3999999996, 28564.4666666665, 128364.799999997, 86442.666666665, 28489.7999999998, 2350.8, 100799.066666664, 91941.5999999979, 77989.0666666655, 57051.1999999993, 97770.9999999978, 54905.7333333328, 86744.7999999983, 44954.933333333, 28670.1333333331, 18697.2000000001, 48386.9999999996, 71120.6666666659, 2390.93333333333, 58396.9333333327, 141304.066666667, 99662.4666666644, 13302.4666666668, 8776.86666666666, 16569.8000000001, 54733.5999999995, 20975.6, 57972.1999999994, 24086.7333333333, 27432.9999999999, 39501.0666666662, 18629.3333333334, 26295.3999999998, 13250.7333333334, 31897.8666666664, 28521.5333333331, 32994.133333333, 138003.799999999, 57143.5999999994, 123297.73333333, 69236.7999999991, 70250.2666666658, 35259.2666666663, 85558.8666666649, 113023.399999997, 41458.9333333329, 90868.1333333318, 7679.13333333332, 110061.533333331, 104309.999999998, 77746.1999999988, 10000.3333333334, 39446.933333333, 6857.79999999998, 14568.7333333334, 66058.1999999993, 51771.5999999995, 19867.6666666667, 25292.7333333332, 74773.2666666657, 36602.933333333, 14560.2000000001, 61508.5999999994, 23269, 40877.3999999996, 57265.7333333327, 165225.733333342, 46325.5999999995, 103607.266666664, 37409.333333333, 37475.8666666663, 12247.8000000001, 91587.066666665, 148536.46666667, 105327.199999997, 12277.2666666667, 42115.1333333329, 128928.399999997, 62777.5999999994, 22078.1333333333, 21114.6, 152774.800000004, 36483.133333333, 72621.3999999992, 164306.266666675, 164381.133333341, 6731.86666666665, 22237.8, 30884.8666666663, 32055.6666666664, 45245.9999999996, 27597.6666666665, 47506.6666666662, 26438.1333333332, 72629.5333333323, 6828.99999999999, 58512.9333333327, 
119.066666666666, 9850.26666666668, 3361.73333333333, 5505.99999999999, 12088.3333333334, 214.733333333333, 6633.13333333332, 2302.4, 2349.93333333333, 31801.533333333, 18693.7333333334, 37391.133333333, 163749.600000008, 5621.73333333332, 53579.5333333329, 30808.133333333, 121541.33333333, 164395.333333342, 156239.400000005, 164027.466666675, 164211.333333342, 164238.400000008, 
1119.06666666667, 3338.4, 3409, 2257.66666666666, 2297.66666666666, 1183.6, 1226, 2332.6, 5715.39999999999, 1207.8, 2383.26666666666, 1215.53333333333, 1262.46666666667, 1204.66666666666, 1291.2, 2353.33333333333, 1289.73333333333, 2437, 2375.53333333333, 1284.86666666667, 2345.86666666666, 3510.8, 1320.06666666667, 2392.8, 1245.33333333333, 1229.53333333333, 2335.53333333333, 2413.86666666666, 2350.66666666666, 2400.4, 1288.2, 3434.13333333333, 1271.8, 2346.6, 7864.86666666665, 2461.8, 5568.06666666665, 1275, 1233.26666666667, 2318.2, 1275.2, 2405.13333333333, 1233.26666666667, 2329.73333333333, 4610.59999999999, 3534.4, 1269.46666666666, 3502.8, 5589.26666666665, 2372.8, 3508.73333333333, 3402.66666666666, 4486.4, 2301.53333333333, 2375, 1265.26666666666, 4563.53333333333, 7790.33333333332, 7747.06666666665, 24097.1999999999, 4417.99999999999, 4492.6, 12023.6000000001, 14273.2000000001, 15229.5333333335, 8728.06666666665, 13223.6000000001, 5526.59999999999, 16554.0666666668, 17604.6666666668, 18647.1333333334, 11114.3333333334, 155509.666666672, 3388.53333333333, 15426.8000000001, 1186.66666666667, 12065.4000000001, 28480.6666666664, 4400.13333333333, 14245.3333333335, 6541.86666666665, 37232.0666666663, 3491.33333333333, 5664.59999999999, 3476.66666666666, 3299.8, 3453.2, 3431.06666666666, 3434.2, 2349.33333333333, 5534.99999999999, 3454.4, 7787.06666666665, 2339.86666666667, 4405.46666666666, 2354.93333333333, 2371.6, 3444.66666666666, 2260.06666666666, 3509.53333333333, 4540.73333333333, 3447.66666666666, 2251.33333333333, 1275, 1270.46666666667, 1252.8, 3519.4, 3496.6, 2365.13333333333, 382.066666666666, 2469.2, 2484.06666666666, 3541.33333333333, 5663.93333333333, 3472.53333333333, 164923.266666674, 164195.800000008, 164634.133333341, 
216.8, 4702.6, 11197.2666666667, 17622.1333333335, 5622.19999999999, 16810.4000000001, 12241.0666666667, 13199.4666666668, 10142.6, 10077.1333333333, 39688.7333333328, 25383.7333333332, 4607.73333333333, 278.333333333333, 7907.06666666665, 7875.13333333332, 4547.06666666666, 12498.7333333334, 4546.66666666666, 18877.8666666667, 12272.4666666667, 14623.0000000001, 11225.4, 5543, 10125.1333333334, 17478.1333333335, 3472.8, 2447.4, 8894.59999999999, 4719.86666666666, 19887.8000000001, 2424.8, 4680.53333333333, 4638.46666666666, 3472.73333333333, 10104.6666666667, 11114.0666666667, 9046.66666666665, 18992.4666666667, 8886.66666666666, 14506.6666666668, 9007.93333333334, 20954.2, 27709.2666666665, 19804.3333333334, 25522.7999999999, 18766.0000000001, 48507.7333333329, 25527.1333333332, 23118.3333333332, 41916.5999999996, 26504.7999999999, 28720.1333333331, 50821.9999999996, 77258.2666666655, 25470.0666666665, 28660.9333333331, 32089.1999999996, 33009.1333333329, 97469.7999999974, 3505.26666666666, 45105.2666666663, 144137.000000001, 89073.1333333313, 44329.5999999996, 21069.5333333334, 47120.7333333329, 51826.1999999995, 4698.46666666666, 46338.1333333329, 22133.0666666666, 57046.9333333328, 47388.3333333329, 22296.4, 69485.5999999993, 16736.2666666668, 50763.1333333329, 407.133333333333, 70340.5999999993, 15660.4000000001, 48566.9999999996, 15550.6000000001, 76858.5333333321, 4711.46666666666, 29983.4666666664, 48521.6666666662, 10145.6666666667, 17763.4000000001, 13436.0000000001, 12332.4666666667, 89859.4666666647, 12148.4666666668, 39669.733333333, 15560.0666666668, 67496.9333333327, 66060.1333333328, 55873.4666666662, 26699.7333333332, 55901.3999999996, 109641.13333333, 43094.7999999996, 36621.333333333, 102470.999999998, 11307.4, 3514.13333333333, 76893.4666666656, 17757.4666666668, 34435.933333333, 83232.5333333317, 15657.4000000002, 47071.533333333, 35177.533333333, 9055.26666666667, 1424.13333333333, 22069.8666666666, 39634.8666666662, 5770.99999999999, 16668.5333333335, 53778.3333333329, 25582.5999999998, 18854.8000000001, 20997.5333333333, 14409.7333333335, 16841.2000000001, 26523.1333333332, 
214.4, 1401.2, 32210.133333333, 81571.733333332, 32965.6666666663, 31847.4666666664, 67991.7333333326, 109435.13333333, 164441.000000009, 164437.866666675, 163903.866666676, 
211.066666666666, 259.466666666667, 1185.46666666666, 1159.33333333333, 2238.6, 209.8, 1185.06666666667, 1156.66666666667, 2237.93333333333, 3300.06666666666, 230.8, 1171.46666666666, 2285, 1165.93333333333, 1197.2, 2258.46666666666, 1199.33333333333, 3323.93333333333, 189.333333333333, 1176.66666666666, 1227.73333333333, 1209.4, 1183.13333333333, 203.666666666667, 1255.66666666666, 1187.06666666667, 2259.66666666666, 206.933333333333, 3353.06666666666, 2251.2, 1160.26666666667, 3477.66666666666, 2296.93333333333, 191.866666666667, 3365.33333333333, 2226, 1150.06666666666, 1230.53333333333, 1168.66666666667, 1218.53333333333, 182.933333333333, 1168.33333333333, 1159.2, 2289.66666666666, 2316.2, 1224.26666666667, 2210.66666666666, 1210, 3317.06666666666, 1260, 1155, 1147.86666666667, 1211.6, 168.666666666666, 1204.4, 201.4, 202.2, 252.933333333333, 200.666666666667, 1180.8, 1208, 199.4, 5737.33333333332, 1231.06666666666, 1277.4, 1314.26666666667, 1225, 1272.53333333333, 3402.06666666667, 2388.46666666666, 4618.2, 1321.8, 1319.33333333333, 2350, 3499.93333333333, 2433.66666666666, 1239.86666666666, 1223.06666666667, 1292.06666666667, 3426.99999999999, 12409.0666666667, 18877.2666666667, 46277.1333333329, 76010.6666666659, 53981.3333333327, 143797.000000001, 81603.7333333318, 17793.4000000001, 15634.8666666668, 35348.133333333, 56111.0666666661, 68171.066666666, 33072.9333333329, 37824.3999999996, 100175.199999997, 53122.1999999995, 10156.2666666667, 164813.866666675, 32114.0666666664, 165491.666666675, 79380.7999999986, 112404.066666664, 85800.9333333316, 165078.866666675, 165007.400000008, 165353.733333342, 
212.733333333333, 1199.13333333333, 1276.66666666667, 1177.06666666666, 1182, 1217.33333333333, 1175.33333333333, 3334.6, 3416.06666666667, 2292.4, 1181.33333333333, 2293, 1156.33333333333, 1252.06666666666, 1199.73333333333, 4514.93333333333, 1179.66666666667, 1216.93333333333, 2391.99999999999, 2308.06666666666, 1204, 1196.2, 2307, 3338.59999999999, 4447.13333333333, 2288.6, 4481.19999999999, 2333.66666666667, 1277.33333333333, 2330.2, 2284.73333333333, 1204.2, 2358.4, 1210.06666666666, 1206.73333333333, 1209.4, 4534.93333333333, 1194.66666666666, 1180.66666666667, 1223.6, 1215.73333333333, 1225, 2377, 4550.93333333333, 3439.06666666666, 1206.53333333333, 312.333333333333, 1210.93333333333, 2291, 1300.26666666666, 3449.93333333333, 2324.66666666667, 1276.33333333333, 2345.53333333333, 2348.66666666667, 1230.33333333333, 2372.73333333333, 2264.46666666666, 1243.53333333333, 3460.66666666666, 2381.8, 1203.53333333333, 1236.73333333333, 3455.6, 2375.06666666667, 1212, 1237.13333333333, 1340.53333333333, 1188.66666666666, 1184, 1244.66666666667, 1263.8, 1208.06666666666, 2431.06666666666, 1221, 1198.06666666666, 2422.66666666666, 2291.73333333333, 1217.8, 1323.06666666667, 1200.06666666666, 1215.8, 2374.46666666666, 1209.4, 3481.13333333333, 2337.06666666666, 3479.33333333333, 2347.13333333333, 1196.73333333333, 1297.8, 3361.53333333333, 1290.06666666667, 1250.73333333333, 1190.73333333333, 1304.4, 1283.6, 2244.8, 2327.73333333333, 1188, 2305.33333333333, 1262.73333333333, 1199.06666666667, 3442.06666666667, 2294.59999999999, 2255.8, 2389.8, 2388.06666666667, 2329.8, 1207.13333333333, 2370.2, 1269.8, 1239.46666666667, 3512.86666666666, 2365.13333333333, 3480.66666666666, 7792.13333333331, 1309.2, 1228.8, 2329.8, 1202.8, 1240.86666666666, 1223.26666666666, 1259.73333333333, 1209.13333333333, 1235.46666666666, 
196.733333333333, 2493.66666666666, 2311.6, 2383.26666666666, 2315.93333333333, 3522.33333333333, 3520.26666666666, 2416, 3569.13333333333, 3433.73333333333, 2365, 1288.93333333333, 1273.93333333333, 1276.53333333333, 4651.59999999999, 1314.4, 2414, 1278.6, 2428.33333333333, 1326.93333333333, 1271.26666666666, 1303.6, 2413.2, 3515.2, 3551, 2382.66666666667, 3590.53333333333, 1292.73333333333, 2431, 2402.86666666666, 2384.2, 2393.93333333333, 3437, 2459.33333333333, 3573.33333333333, 4595.73333333333, 4605.46666666667, 3528.66666666666, 3456.73333333333, 2376.6, 5592.86666666666, 1329.53333333333, 2442.86666666667, 4663, 3483.8, 1387.73333333333, 2409, 2220.8, 3569.73333333333, 2431.13333333333, 3517.66666666666, 1303, 3508.46666666666, 5759.06666666666, 2392.06666666667, 3517.93333333333, 2410.13333333333, 1274.46666666666, 2323.93333333333, 2359.73333333333, 3551.46666666666, 3597.46666666666, 3512.26666666666, 2416.26666666667, 1300.06666666667, 5735.26666666666, 4695.8, 2355.8, 3570.8, 3423.06666666667, 1276.46666666667, 3441, 2339.33333333333, 3540.53333333333, 5773.19999999999, 2358.6, 1310.8, 2406.13333333333, 1338.8, 1293.53333333333, 2422.13333333333, 1330.8, 1350.26666666667, 2420.93333333333, 6775.66666666665, 3467, 1282.8, 1300.33333333333, 3498.2, 5709.73333333333, 4640.06666666666, 2414.4, 1280.46666666666, 1317.46666666666, 3348.46666666666, 2431.53333333333, 1360.2, 1341.53333333333, 3491.13333333333, 1267.73333333333, 2436.13333333333, 1297.13333333333, 1288.26666666666, 4668.66666666666, 2448.13333333333, 3497.73333333333, 4583.06666666666, 2410.73333333333, 3533.8, 4454.79999999999, 2464.73333333333, 2364.66666666666, 2397.86666666667, 1350.26666666667, 1313.46666666666, 4563.39999999999, 3483.73333333333, 5735.39999999999, 1281.46666666666, 2362.73333333333, 4598.73333333333, 4565.33333333333, 2381.73333333333, 2402.66666666666, 1368.26666666666, 
1108.33333333333, 6775.06666666666, 5691.86666666666, 3593.33333333333, 11047.4000000001, 4597.4, 2352.4, 3456.53333333333, 3506.86666666666, 2455.8, 2382.53333333333, 5730.93333333332, 7824.59999999998, 3567.6, 222.733333333333, 4560.59999999999, 20179.5333333334, 7918.99999999998, 6770.86666666665, 41767.7999999996, 138801.866666666, 153059.066666671, 164034.666666675, 130450.066666663, 164242.600000008, 163794.666666675, 164219.600000008, 
151.733333333333, 175.333333333333, 1147.66666666666, 2254.93333333333, 2298.46666666667, 1209.73333333333, 3351.73333333333, 1216.33333333333, 2284.66666666667, 2315, 2246.6, 2270.33333333333, 1163, 1167, 1197.4, 4571.13333333333, 5565.46666666665, 2309.4, 3440.13333333333, 1254.66666666667, 3435.06666666667, 3341.26666666666, 5718.66666666666, 2323, 2318.93333333333, 4472.46666666667, 5549.06666666666, 3452.06666666666, 2400, 2335.13333333333, 4491.46666666666, 2361.8, 1292.4, 7841.73333333332, 2473.6, 5667.53333333332, 6892.73333333332, 8826.86666666666, 1290.2, 1247.8, 1326.13333333333, 7787.39999999999, 4684.53333333333, 2396.26666666666, 4661.46666666666, 2417.2, 1290.86666666666, 1345.46666666666, 4517.93333333333, 3348.4, 5674.33333333332, 5769.99999999999, 2477, 2426.06666666667, 2424.6, 1291.2, 2412.46666666666, 1286.06666666667, 4622.46666666666, 1342.46666666667, 6637.33333333333, 2417.26666666666, 16738.6666666668, 15471.3333333335, 13364.5333333334, 10064.3333333334, 3449.4, 37236.4666666663, 20910.0666666667, 3383.66666666666, 18824.4666666667, 8851.73333333333, 15700.6000000001, 3494.13333333333, 12182.0000000001, 4546.93333333333, 16630.3333333335, 7888.46666666665, 12264.2666666667, 11081.8, 21148.5333333333, 12283.2666666667, 6824.19999999999, 26659.1999999999, 17711.6000000001, 4497.06666666666, 6700.39999999998, 9135.33333333333, 6811.13333333333, 8935.66666666666, 3557.6, 5585.79999999999, 13395.0666666668, 4584.06666666666, 14344.9333333335, 4451.66666666666, 13279.7333333334, 5679.06666666666, 4574.06666666666, 19616.4000000001, 12227.1333333334, 9975.00000000002, 1389.8, 10123.8, 8982.20000000001, 5692.26666666666, 12240.0666666667, 7924.06666666665, 3479.73333333333, 19963.1333333334, 7828.86666666665, 8921, 2361.73333333333, 8817.33333333334, 40484.2666666663, 23146.7999999999, 18725.4666666668, 34213.133333333, 28644.7333333331, 37224.133333333, 6841.93333333332, 40772.533333333, 14266.7333333334, 18718.0000000001, 27664.1999999998, 
138.4, 1326, 21857.3333333334, 2402.8, 62634.9999999994, 12290.4000000001, 11011.4000000001, 19693.0000000001, 26314.5333333332, 165284.666666675, 165110.333333342, 165144.000000009, 
1120.66666666667, 157.333333333333, 1227.66666666667, 3381.73333333333, 26397.5999999999, 11002.3333333334, 36202.733333333, 21915.9333333333, 32957.0666666663, 217.8, 7833.46666666665, 20916.8, 26361.3333333332, 29585.7999999998, 39586.333333333, 14275.0666666668, 28489.1999999997, 19834.7333333334, 30626.9999999997, 13422.3333333334, 18983.4666666667, 18636.9333333334, 14124.0666666668, 12035.0000000001, 32786.733333333, 19597.4666666667, 36012.533333333, 22887.4, 37285.5999999996, 5625.33333333332, 205.466666666667, 27532.3999999998, 27628.5999999998, 48202.9999999996, 17700.4666666668, 18699.1333333334, 25227.3333333332, 28683.7999999998, 31853.8666666663, 15402.4666666668, 30511.0666666663, 7967.66666666665, 21916.4, 9902.60000000003, 43283.0666666663, 13124.3333333334, 201.533333333333, 30690.5333333331, 42395.7333333329, 8884.06666666668, 8746.73333333334, 2356.8, 45921.5999999995, 36213.5999999997, 6566.66666666666, 25338.5999999999, 59210.8666666662, 20855.1333333334, 9999.06666666668, 3434.66666666666, 39389.7999999996, 41485.0666666662, 18742.6000000001, 46930.6666666663, 34112.733333333, 9854.26666666669, 13350.8000000001, 114553.93333333, 40296.0666666663, 14248.6666666668, 46706.6666666663, 1265.13333333333, 25289.3333333332, 56732.0666666662, 37309.933333333, 15387.5333333335, 218.533333333333, 74487.7999999989, 15299.2666666668, 20887.8, 22797.8666666667, 176.466666666667, 5476.06666666666, 13140.0666666668, 21809.6, 63721.5999999994, 33941.7999999997, 27446.5333333331, 25258.3999999999, 36074.4666666663, 211.866666666667, 13326.1333333334, 9894.46666666669, 8833, 11047.3333333334, 28505.3333333331, 55864.3999999996, 57794.5999999995, 21861.7333333334, 102800.333333331, 13261.8000000001, 61204.7333333328, 47145.7999999995, 47027.7999999996, 27466.8666666665, 37407.6666666663, 34226.1999999997, 165773.200000008, 97168.6666666646, 27438.9333333331, 165288.000000009, 165766.733333342, 29896.2666666664, 165464.533333341, 22269.8, 61999.1999999993, 111127.933333331, 165402.066666676, 165693.866666675, 165717.333333342, 
183.4, 214.666666666667, 1251, 1264.4, 1253, 1249.06666666667, 2355.6, 1288.33333333333, 1265.66666666667, 299.066666666666, 305, 1357.4, 2293.6, 2327.06666666666, 2382, 1301.26666666667, 3496.93333333333, 1274, 2343.4, 1313.13333333333, 298.4, 1294.86666666666, 1227.33333333333, 1338.26666666666, 2375.33333333333, 1237.66666666667, 1237.4, 3532.4, 194.4, 2407.2, 222.4, 1209.66666666666, 2349.73333333333, 1236, 1289, 1227.4, 1267.86666666667, 2336.66666666666, 285.733333333333, 1345.66666666666, 1248, 272.533333333333, 227.4, 234.8, 1357.06666666667, 2371.93333333333, 1230.8, 1268.4, 1205, 2403.66666666667, 1232.66666666667, 1235.26666666666, 1265, 1203.73333333333, 1254.06666666667, 1319.6, 2419.93333333333, 1274, 1257.2, 1329.33333333333, 1242.86666666667, 3423.59999999999, 1314.73333333333, 1290.53333333333, 204.8, 223.4, 1293.4, 2412.8, 225.066666666666, 1281.93333333333, 1321.86666666666, 228.8, 1209.73333333333, 1365.8, 1359.66666666666, 1265.33333333333, 2426.2, 1258.4, 1383.73333333333, 1223.8, 2413, 1383.06666666667, 247.466666666667, 234.733333333333, 289.066666666666, 2479.46666666666, 1295.26666666667, 2408.33333333333, 1266.2, 1266, 1280.6, 1263.86666666667, 1329.13333333333, 285.733333333333, 1326.4, 1265.06666666666, 1213, 1304.4, 205, 1210.66666666666, 1297.46666666666, 224.733333333333, 1226.4, 1324, 229.066666666667, 1269.13333333333, 5804.99999999999, 1296.73333333333, 1277.2, 1243.06666666667, 1283, 1232.33333333333, 1314, 2296.8, 2372.73333333333, 1210.06666666667, 2347.53333333333, 253.466666666667, 1276.06666666667, 1218.4, 1344.4, 1320.4, 1327.2, 1100.86666666667, 1247.86666666667, 
194.733333333333, 1188, 1245.66666666667, 2391.33333333333, 4554.13333333333, 1339.73333333333, 1347.2, 1302.26666666667, 3574.93333333333, 2368.8, 2486.8, 1249.06666666666, 1292.6, 2456.2, 1367.93333333333, 1235.66666666667, 2531.2, 1248.66666666666, 2473.46666666666, 1316.4, 4570.19999999999, 2402.4, 1326.73333333333, 2501.26666666666, 1321.53333333333, 1264.2, 2391.13333333333, 1271.2, 3442.46666666667, 1249.8, 1230.73333333333, 1335.33333333333, 1381, 1359.26666666667, 1310.4, 9144.2, 1342.73333333333, 1369.93333333333, 1301.33333333333, 1285.86666666666, 1255.73333333333, 1252.13333333333, 1335, 2428.93333333333, 2315.33333333333, 2424.8, 1352, 1238.33333333333, 1299.13333333333, 2409.6, 1268.2, 1256.46666666667, 2393.06666666666, 3431.66666666666, 2392.4, 1261.66666666666, 5795.46666666666, 1264.66666666667, 3558.93333333333, 3489.93333333333, 2395.53333333333, 1275.4, 1273.53333333333, 1258.86666666666, 1323.13333333333, 1281.06666666666, 1354.53333333333, 2435.6, 2427.4, 2341.86666666666, 1262.13333333333, 2415.13333333333, 165202.133333342, 35369.933333333, 3571.33333333333, 105057.866666664, 165785.200000008, 12716.1333333334, 19467.2000000001, 165714.666666675, 50971.5999999995, 165706.200000009, 166600.866666675, 10379, 68094.5333333326, 15909.9333333335, 2360, 25962.8666666665, 166387.666666676, 91748.8666666651, 33725.1333333331, 11530.6666666667, 20420.4666666667, 155601.333333339, 3645.66666666666, 165423.000000009, 165399.933333342, 165650.000000008, 
34385.9999999997, 11071.9333333334, 164406.933333342, 16688.4666666668, 165707.000000008, 166064.866666675, 165801.600000008, 
1304.6, 2240.93333333333, 3469.2, 2368.33333333333, 4614.26666666666, 7867.53333333332, 5476.06666666666, 9866.6666666667, 6753.06666666666, 8850, 6563, 2379.4, 4432.8, 7791.66666666665, 6633.39999999999, 6710.79999999999, 16436.3333333335, 14257.1333333335, 25321.7999999999, 31781.733333333, 14300.8000000001, 31779.3999999997, 9895.00000000003, 8726.66666666667, 20969.8, 43737.4666666663, 29722.0666666664, 4430.53333333332, 16355.1333333335, 8859.86666666666, 4371.33333333333, 14365.5333333335, 27471.7333333332, 26422.0666666665, 3359.66666666666, 38318.5333333329, 27427.5999999998, 19607.8000000001, 31733.2666666664, 26416.9333333332, 27473.6666666665, 6727.46666666665, 5652.86666666665, 62322.5333333328, 40608.733333333, 23015.1333333333, 3430.06666666667, 19826.3333333334, 20798.6, 10950.7333333334, 14387.5333333334, 65705.1999999992, 142860.266666667, 70205.8666666657, 86478.3333333317, 80266.2666666653, 84422.4666666651, 50306.4666666663, 16636.8666666668, 34014.133333333, 81892.3999999986, 35081.533333333, 4464.06666666666, 4463.33333333333, 14325.4666666668, 38400.733333333, 16513.4666666668, 27470.4666666665, 67881.9333333325, 57998.3999999996, 58268.9999999994, 17597.0666666668, 74555.5333333321, 41712.1999999996, 15585.0666666668, 4442.93333333333, 14316.6000000001, 14301.2000000001, 74395.399999999, 48291.3333333329, 18475.4666666668, 21944.4, 13112.4000000001, 30790.6666666664, 28534.3999999998, 52380.3333333329, 7831.46666666665, 19823.2, 42835.1333333329, 49146.1333333328, 111470.533333331, 5646.73333333333, 42803.733333333, 99917.1333333311, 12140.8666666667, 3305.33333333333, 7781.99999999998, 80078.5999999986, 14335.8666666668, 39425.1999999995, 2326.4, 42649.1333333329, 20804, 27380.9333333332, 27442.5999999998, 8908.06666666666, 13230.5333333334, 19716.2666666667, 3373.6, 53686.5999999995, 35254.333333333, 32981.0666666663, 14298.1333333335, 10020.4, 47953.9999999996, 79976.7333333319, 13233.6666666668, 5542.86666666666, 12119.0666666667, 16481.1333333334, 5631.53333333333, 10052.2666666667, 29695.5333333331, 4417.53333333333, 12257.1333333334, 
163.4, 1166.6, 217, 194.8, 213.333333333333, 1178, 195.066666666667, 198.4, 139.066666666667, 1174, 220.466666666667, 215.066666666667, 1212, 212.4, 209.4, 219.866666666667, 2275.06666666666, 2372.53333333333, 212.466666666667, 2273, 1222.8, 221.4, 240.666666666666, 3415.93333333333, 173.933333333333, 1230.4, 1233.73333333333, 2329.93333333333, 216.533333333333, 235.266666666667, 1201.86666666666, 1237.6, 202.266666666667, 1193.13333333333, 200.666666666666, 1191.13333333333, 250.4, 2226, 179.4, 1208.93333333333, 1211.86666666667, 1237.53333333333, 244.8, 2297.06666666666, 227.4, 1278.46666666666, 193.4, 215.6, 1224.33333333333, 1250.4, 1264.8, 226.466666666666, 1221.13333333333, 197.333333333333, 1157.86666666666, 239.133333333333, 1300, 228, 238.666666666667, 1265.26666666667, 2388.53333333333, 2397.66666666666, 190.266666666667, 1236.66666666666, 1234.26666666667, 1254, 1255.6, 1293.4, 2353.46666666666, 194, 2242, 228.8, 1223.4, 1172.53333333333, 1274.86666666666, 1374.33333333333, 1289.33333333333, 1321.33333333333, 283.266666666666, 288.133333333333, 1250.73333333333, 1244.93333333333, 1200.73333333333, 195.2, 1244, 3518.33333333333, 1212.73333333333, 1238.93333333333, 1230.6, 188.2, 1178.26666666667, 238.4, 240.733333333333, 215.533333333333, 153.8, 178.533333333333, 188.333333333333, 201.933333333333, 198.066666666667, 250.6, 229.066666666667, 248.733333333333, 1224.73333333333, 1196.13333333333, 259.133333333333, 1201.8, 150.133333333333, 1259.46666666666, 1196.46666666667, 243.866666666667, 211.266666666666, 169.933333333333, 239.4, 212.8, 172.2, 156.066666666667, 1222.4, 144.333333333333, 232.733333333333, 204.133333333333, 219.733333333333, 182.733333333333, 174.733333333333, 173.2, 1228.66666666667, 
192.733333333333, 221.333333333333, 1228.66666666666, 2297.26666666666, 1230.8, 190.133333333333, 2330, 17606.9333333334, 5491.46666666665, 15249.4666666668, 18648.8000000001, 12071.1333333334, 6648.59999999999, 11087.5333333334, 19642.0000000001, 8930.73333333334, 14516.0000000001, 30676.3333333331, 20890, 30616.3999999997, 61202.3999999993, 216.133333333333, 14293.0666666668, 9879.53333333335, 165117.666666676, 165239.466666675, 165442.133333342, 
212.733333333333, 182.133333333333, 274.733333333333, 220.133333333333, 1290.33333333333, 3505.8, 1306.53333333333, 292.2, 1207, 1294.06666666666, 2437.66666666666, 1299.86666666666, 1244.2, 1320.46666666667, 1308.33333333333, 1295.13333333333, 1221.13333333333, 286.2, 2321.93333333333, 1293.86666666667, 1255.66666666667, 2385.8, 1331.26666666667, 1213.73333333333, 2384.66666666666, 1283.4, 1334.06666666666, 1244.86666666666, 1317.2, 1251.06666666666, 1224.13333333333, 1334.53333333333, 1264.86666666666, 1308.6, 1317.4, 2445.53333333333, 1252.53333333333, 1325, 1294.86666666666, 2396.66666666666, 1286.6, 2481.73333333333, 1329.86666666666, 2358.53333333333, 2396.4, 1341.4, 1248.33333333333, 2394.26666666667, 1409.13333333333, 1285.8, 1304.06666666666, 2371.6, 1312.93333333333, 1290.46666666666, 1229.53333333333, 1313.73333333333, 3532.13333333333, 1238.53333333333, 2433.46666666666, 2416.8, 2300.26666666666, 1250.53333333333, 1220.33333333333, 1244.8, 3503.19999999999, 1308.6, 1264.53333333333, 2402.4, 2389.66666666667, 2406.66666666667, 1269.93333333333, 3459.06666666667, 1222.26666666667, 1264.33333333333, 1346.46666666667, 3532.06666666666, 2406.46666666666, 1273.4, 1273.6, 286.266666666666, 1235.86666666667, 2372, 2402.8, 1279.66666666666, 2433.8, 1251.6, 292.666666666666, 1238.33333333333, 2408.26666666666, 1242.73333333333, 1291, 1323.46666666666, 1286.73333333333, 1230.4, 1281.66666666666, 1293, 166.8, 179.466666666667, 1317.8, 1363.26666666667, 1262.93333333333, 1229.33333333333, 1223.73333333333, 1237, 3447.93333333333, 1280.06666666666, 1320.53333333333, 2420.73333333333, 3524.33333333333, 3427.13333333333, 1245.53333333333, 2369.33333333333, 1342.13333333333, 1298.53333333333, 1226.13333333333, 1274.06666666667, 1262.4, 1218.33333333333, 287.266666666667, 1244.33333333333, 1285.13333333333, 2425.73333333333, 1350.33333333333, 2402.46666666666, 1253.33333333333, 
252.733333333333, 2387.06666666666, 1276.4, 1255.33333333333, 1270.8, 1358.86666666667, 2406.86666666667, 1249.33333333333, 1250.06666666666, 1263.2, 5674.26666666666, 1255.06666666667, 1350.4, 1216.26666666667, 1279, 1237.33333333333, 3521, 1252.66666666667, 1216.66666666666, 239.666666666667, 1228, 1211, 2399.4, 1254, 222.733333333333, 1229.66666666667, 1265.73333333333, 4600.26666666666, 1229.06666666666, 2348.93333333333, 1291.4, 4650.8, 1267.8, 1235, 1262.66666666666, 1402.8, 1321.73333333333, 1213, 1230.66666666667, 1270, 3410.26666666666, 1291.6, 1331.13333333333, 210.066666666666, 3538.93333333333, 210.2, 1239.8, 1216.66666666667, 1354.4, 253.8, 2313.66666666667, 1265.4, 191.133333333333, 1195, 1211, 1311.06666666666, 272.533333333333, 3325.53333333333, 1341.06666666667, 198.466666666667, 1229.4, 2391, 1226.26666666667, 4530.79999999999, 251.2, 188.066666666667, 217.466666666667, 1217.66666666667, 299.066666666666, 1256, 253.8, 1221.66666666667, 1235.33333333333, 1223.06666666666, 228.133333333333, 1258.33333333333, 1252.4, 1304, 251.2, 216.133333333333, 1242, 2464.73333333333, 214.066666666667, 2423.26666666666, 212.133333333333, 1274.33333333333, 2354.66666666667, 1252.4, 1248.33333333333, 1289.2, 1217.33333333333, 228.4, 1233.66666666666, 216.733333333333, 1326.73333333333, 197.733333333333, 1227.4, 1210.4, 243.533333333333, 269.866666666667, 230.733333333333, 1274.33333333333, 1266.4, 1279.8, 2389.26666666666, 2352.06666666667, 1263, 1314, 1258.4, 1333, 3405.19999999999, 2490.86666666666, 1301.53333333333, 2419.53333333333, 2434.26666666667, 1267.66666666666, 216, 216.133333333333, 1231.66666666666, 1199.06666666667, 1304.73333333333, 1296.6, 2435.4, 2305, 262.466666666667, 

