1334.33333333333, 163785.666666675, 164331.533333341, 78311.0666666655, 13393.5333333334, 147423.066666668, 164089.000000009, 36375.533333333, 3457.2, 164760.866666675, 40960.3999999996, 2432.13333333333, 50112.9999999995, 100423.466666664, 163088.933333341, 109763.53333333, 85788.5333333315, 164576.933333342, 25336.1333333332, 24396.1999999999, 71835.7333333322, 93892.9999999983, 164025.000000009, 106311.399999997, 163275.133333342, 42179.3999999996, 153390.733333337, 42929.6666666662, 129998.066666663, 142928.666666667, 134706.999999997, 77435.4666666655, 156711.466666672, 128623.533333328, 163633.466666675, 132809.266666663, 116971.73333333, 108806.53333333, 74643.3333333323, 130924.333333328, 163460.533333341, 9016.6, 163955.200000009, 107696.93333333, 141456.066666666, 48446.7999999996, 163853.200000008, 164401.600000009, 164241.333333342, 
1368.73333333333, 98107.866666664, 54280.066666666, 37682.6666666663, 86482.5999999983, 64330.3333333327, 164027.000000008, 164654.000000008, 164192.333333342, 
163365.600000008, 47181.9999999996, 164389.933333341, 164852.600000009, 165556.200000009, 
4499.93333333333, 163537.266666674, 164046.933333342, 164336.800000008, 
12254.4666666667, 163409.933333341, 140248.4, 163916.866666675, 164336.933333342, 165382.933333342, 
164189.933333342, 164228.000000008, 164410.333333342, 
163325.600000008, 162868.933333341, 164633.933333342, 
112614.666666663, 153831.066666671, 163906.000000008, 164208.333333342, 164929.266666675, 
7873.66666666665, 66435.3999999993, 165857.600000008, 165117.133333342, 165906.933333342, 
114.8, 5696.39999999999, 122339.73333333, 1403.6, 73033.399999999, 165261.200000009, 150730.333333337, 94721.9999999981, 159318.000000006, 164803.266666675, 165093.666666675, 95904.0666666644, 165142.200000008, 165213.133333341, 163937.866666674, 11392.9333333334, 164735.600000009, 165241.600000009, 125196.066666663, 165131.266666676, 146506.133333336, 92388.8666666648, 3510.93333333333, 58548.0666666661, 116725.666666663, 164862.000000008, 57277.2666666661, 36434.8666666663, 165265.266666676, 165123.600000008, 127375.93333333, 164970.666666674, 164561.933333342, 86999.7999999986, 39758.5999999996, 165489.933333342, 165363.266666675, 165073.000000008, 
163218.333333341, 163780.133333342, 163980.000000009, 
102535.733333331, 56878.5333333327, 165734.266666675, 164340.600000008, 164024.333333342, 
163530.000000008, 163714.266666675, 164049.600000008, 
163546.666666675, 163325.933333342, 10194.8666666667, 15751.4666666668, 13558.4666666668, 19954.0666666667, 32045.733333333, 39835.5333333329, 69576.8666666658, 163946.933333341, 98846.3333333305, 163403.666666675, 150373.733333336, 10159.4, 163044.933333341, 25601.4666666666, 129684.933333329, 107645.13333333, 154213.266666672, 55187.7333333328, 134233.399999997, 164463.666666675, 105109.73333333, 164429.333333342, 163721.600000009, 163633.266666675, 
41823.6666666663, 18980.3333333334, 15543.2000000002, 164892.600000008, 165364.266666676, 165372.266666675, 
40096.5333333329, 124886.866666663, 154591.066666671, 163639.266666675, 165745.666666675, 145241.866666667, 164226.000000008, 163437.133333341, 164366.266666675, 
163844.000000008, 163849.533333342, 163965.266666675, 
73612.9999999991, 70178.1333333325, 88252.5999999984, 163474.333333341, 163556.266666675, 165433.266666675, 
125182.466666663, 20993.3333333333, 164739.933333341, 164732.333333341, 164712.000000009, 
163863.600000008, 164149.000000008, 163572.200000008, 
163164.266666675, 52692.9999999996, 164102.600000009, 163847.333333342, 166438.733333345, 
261.933333333333, 20282.7333333334, 169523.733333346, 170003.06666668, 49472.7333333329, 164773.933333341, 165527.333333342, 165568.266666675, 
128277.333333328, 163474.933333341, 163531.333333341, 164059.666666675, 
147.733333333333, 163089.000000008, 163384.666666675, 163356.000000008, 
163670.533333341, 163867.933333342, 164017.000000009, 
3421, 75883.7333333322, 163188.333333341, 163073.000000008, 163410.000000008, 
163270.133333341, 163243.000000008, 166154.733333345, 
168594.066666679, 168891.06666668, 37773.6666666664, 165003.066666675, 164431.666666675, 164938.933333341, 
152591.400000004, 28835.1333333332, 26537.3333333332, 147825.133333336, 40717.7333333329, 163888.666666675, 164205.600000009, 163747.333333341, 
163822.600000008, 163606.933333342, 163849.000000008, 
208.066666666667, 22163.6, 41782.1333333329, 30941.4666666664, 26507.2666666665, 13305.5333333334, 55093.1333333329, 37410.7999999996, 36517.7999999997, 48412.9999999997, 18757.5333333334, 53933.0666666662, 29927.5333333331, 18801.9333333334, 73749.3999999989, 48425.1999999997, 148329.666666669, 127304.399999996, 52930.7333333328, 86873.1333333317, 27646.0666666665, 1301.26666666667, 61922.1333333328, 19884.6, 27714.1999999998, 18897.8666666667, 13399.8000000001, 39826.9999999996, 33173.9333333331, 45423.3999999996, 164906.000000008, 56102.3333333328, 29852.7333333331, 31064.4666666664, 35331.9999999997, 34133.3999999997, 66173.7999999993, 108659.999999997, 70836.6666666659, 17856.4000000001, 74794.999999999, 92579.2666666647, 44122.3999999996, 84549.7999999983, 95850.3333333315, 165467.933333343, 108830.466666664, 134376.733333331, 164959.866666675, 23273.7333333333, 165842.333333342, 165937.200000008, 165062.666666674, 
44901.0666666662, 164267.266666675, 164060.333333342, 164004.266666675, 
3560.8, 3500.73333333333, 1324.66666666667, 131.533333333333, 2235.26666666666, 2434.8, 10888.2666666667, 21223.2666666667, 64586.3999999995, 164195.666666675, 163973.000000008, 163606.333333341, 
162.4, 198.733333333333, 2270, 1189.4, 18867.0666666667, 14384.1333333335, 13185.9333333334, 2297.53333333333, 18462.2000000001, 81193.9999999986, 49598.7999999995, 80187.0666666654, 126570.866666662, 163042.000000008, 71682.799999999, 164018.266666675, 165543.600000008, 164114.466666675, 
130.733333333333, 28950.1333333331, 35436.7333333331, 51923.0666666661, 31109.0666666664, 153763.400000004, 163344.266666675, 164000.600000008, 163912.600000008, 
121.666666666666, 2363.66666666666, 34139.4666666663, 164909.600000008, 3564.26666666666, 30923.6666666664, 163761.333333342, 164701.333333342, 164652.000000007, 
151.333333333333, 2320.93333333333, 4440.93333333332, 1275.06666666667, 1335.46666666666, 164324.733333342, 164779.266666675, 164306.333333342, 
12190.4000000001, 143308.733333333, 163748.866666675, 164331.666666675, 164288.333333342, 
1142.6, 193.933333333333, 7929.79999999999, 5809.46666666666, 164061.600000008, 164838.600000008, 164955.266666675, 
90.7333333333332, 1244.8, 4498.59999999999, 8024.73333333332, 164636.866666675, 70468.0666666659, 165214.000000008, 165583.666666675, 164984.333333342, 
252.733333333333, 2275.4, 2265.4, 58286.7999999994, 163698.266666674, 164661.666666675, 163522.666666675, 
2182.26666666666, 17464.9333333335, 85947.3333333319, 57248.3999999995, 153243.466666671, 62204.6666666663, 47336.6666666662, 164864.333333342, 163882.266666675, 128359.666666663, 124766.666666662, 164208.933333342, 30103.7333333331, 111282.399999997, 65566.0666666664, 163958.466666675, 164392.866666675, 164330.933333342, 
21076.4666666667, 3581.4, 47525.0666666662, 163719.600000008, 163820.333333341, 49582.7999999995, 57360.7999999994, 141771.933333333, 165959.533333342, 164510.600000009, 164906.266666675, 
4491.73333333333, 43009.3999999996, 13352.6666666668, 11109.6666666667, 41568.0666666663, 164402.000000008, 43984.1999999996, 115021.53333333, 127367.399999996, 164014.600000008, 163291.933333341, 165161.000000009, 
147.4, 138.066666666667, 1113, 20677.5333333334, 1248.2, 5602.33333333332, 26276.1999999999, 58962.7999999996, 164931.666666675, 164416.000000008, 165340.000000008, 
121.4, 153204.533333337, 163696.266666675, 163859.866666675, 163971.933333342, 
1318, 2331.8, 7859.99999999999, 48360.4666666662, 165151.666666675, 164845.000000008, 164995.600000008, 
1112, 222.333333333333, 165250.866666675, 165045.933333342, 165440.933333342, 
2160.46666666666, 21840.6666666667, 162756.666666675, 163652.933333341, 110750.33333333, 163366.200000008, 163994.933333342, 162061.333333341, 163906.800000008, 163737.400000008, 91025.9999999978, 164010.333333342, 163524.333333341, 163995.800000008, 
85749.066666665, 14473.4666666668, 43032.6666666663, 27840.6666666665, 126890.399999997, 7949.99999999999, 164214.666666675, 164107.933333342, 164582.533333342, 
255.4, 61119.933333333, 30447.6666666664, 156457.666666672, 164729.933333341, 164499.866666675, 164572.266666675, 
1152.73333333333, 3317.66666666666, 8981, 5753.39999999999, 28787.9333333331, 163720.933333341, 36286.3999999996, 163436.933333342, 55115.3999999994, 163246.666666674, 163659.000000008, 164055.333333342, 
121.666666666666, 1306.06666666667, 165, 12242.3333333334, 99421.9333333306, 70091.3999999993, 164343.933333342, 165128.200000008, 164927.266666674, 
136, 169.733333333333, 1313.13333333333, 52083.5999999997, 20955.5333333333, 33699.3333333329, 34344.333333333, 147368.200000002, 163423.600000008, 163783.666666675, 101722.866666664, 164663.000000008, 25471.7999999999, 164090.466666675, 164642.666666675, 164086.266666675, 
3559.66666666666, 197.4, 163804.266666675, 163795.933333342, 163872.333333342, 
226.066666666667, 3316.66666666666, 163610.600000008, 164098.666666675, 164168.533333341, 
66828.1333333329, 163896.600000009, 99888.1333333309, 9075.73333333334, 92748.1333333315, 46440.6666666662, 50609.8666666662, 163227.000000008, 4649.93333333333, 73099.3333333323, 49195.733333333, 163483.666666675, 76918.3333333322, 164713.600000008, 164297.066666675, 164416.333333342, 
113.6, 25414.7333333332, 10051.0666666667, 164455.933333342, 164540.533333341, 163762.666666675, 
97.6, 132.266666666667, 1355.53333333333, 3249.26666666666, 165226.333333342, 165042.000000008, 164652.933333342, 
6620.73333333332, 2258.8, 4548.86666666666, 2393.4, 164392.533333341, 115181.466666663, 164115.266666675, 57288.3999999995, 165845.266666675, 165341.866666675, 150337.600000003, 164085.933333342, 164059.000000008, 164201.533333342, 

