164435.600000008, 164207.933333341, 164343.266666674, 
1138.4, 163684.800000008, 97077.3999999973, 163855.466666675, 10147.1333333334, 16597.0666666668, 56228.5999999994, 163508.93333334, 58269.333333333, 163067.333333341, 36689.9999999996, 16630.8000000001, 122495.266666663, 164270.200000008, 36194.2666666663, 13478.3333333335, 70394.0666666659, 86482.3333333315, 31999.9999999997, 21000.4, 28930.3333333332, 9207.66666666667, 76064.6666666655, 42734.5333333329, 109723.466666664, 57154.7333333329, 111953.733333331, 125361.333333329, 82702.5999999987, 12349.5333333334, 164513.933333342, 146087.933333335, 164594.933333341, 163076.200000008, 60641.0666666662, 164672.266666675, 165981.533333342, 164901.600000009, 
3318.26666666666, 142408.333333333, 163806.333333342, 70149.3999999993, 34959.3999999996, 163542.600000008, 69294.4666666658, 156358.066666672, 130902.599999996, 164158.933333342, 90791.2666666648, 164139.533333341, 144236.200000001, 141976.866666666, 163898.666666675, 137705.266666665, 148927.333333336, 29921.7999999998, 122747.733333329, 164066.600000009, 163225.066666675, 164432.266666675, 163304.333333341, 165122.333333342, 
1106.86666666667, 1140.73333333333, 3372.46666666666, 6652.06666666665, 2355.33333333333, 3549.66666666666, 1263.66666666667, 3392.93333333333, 8972.13333333334, 9032.73333333334, 3462.93333333333, 4577.66666666666, 5575.06666666665, 1273.13333333333, 3516.8, 10237.6666666667, 3530.73333333333, 10097.7333333334, 1346.33333333333, 2418.73333333333, 4564.66666666666, 2401.4, 1355.46666666666, 5704.13333333333, 12315.8000000001, 14498.6666666668, 3541.06666666666, 4618.8, 3587.8, 3519.13333333333, 2414.4, 6715.26666666666, 4599.73333333332, 4608.66666666666, 5667.79999999999, 3534.06666666666, 6821.73333333332, 6708.86666666666, 1351.86666666666, 2449.8, 1338.33333333333, 1335.86666666667, 5768.19999999999, 2446.86666666666, 4628.26666666666, 1329, 2416.66666666666, 3497.53333333333, 3591.13333333333, 4736.73333333332, 5670.73333333333, 2463.53333333333, 4564.4, 3565.8, 14511.0666666668, 4556.46666666666, 2495.53333333333, 5797.33333333332, 5718.53333333333, 4653.53333333333, 13473.6666666668, 1275.53333333333, 6762.39999999999, 9145.53333333333, 10107.1333333334, 3463.66666666666, 1339.13333333333, 4608.19999999999, 6831.93333333332, 1389.53333333333, 2442.06666666666, 1435.46666666666, 10046, 434.8, 3584.66666666666, 5661.66666666666, 7824.26666666665, 1315.86666666667, 1303.06666666667, 4624.06666666666, 6893.73333333332, 4641.33333333333, 2469.73333333333, 5772.79999999999, 6833.99999999999, 3465.53333333333, 6734.13333333332, 6758.73333333332, 7910.13333333332, 2463.66666666666, 1297.33333333333, 1292.6, 5777.86666666666, 1310.26666666667, 6823.66666666665, 4620, 1307.53333333333, 6876.06666666665, 3616.66666666666, 2483.13333333333, 4629.86666666666, 3556.66666666666, 2423.73333333333, 2463.53333333333, 8959.2, 9055.4, 3557.33333333333, 8013.73333333332, 3619.6, 4637.46666666666, 2509.53333333333, 10179.8, 260.933333333333, 3584.2, 5664.86666666666, 2503.66666666666, 10129.2, 4703.86666666666, 2510.06666666666, 5777.79999999999, 3583, 9131.20000000001, 4697.4, 2450.26666666666, 1361.13333333333, 
1068.66666666667, 5670.53333333332, 1321.13333333333, 109786.73333333, 165032.266666676, 165322.600000009, 165547.266666675, 
1268.06666666666, 13098.4000000001, 1370.86666666666, 24704.9999999999, 14563.9333333335, 80037.333333332, 163788.933333341, 38907.3999999997, 128309.999999996, 98921.7999999974, 164239.666666675, 165873.866666676, 164367.133333341, 
1253.4, 5768.79999999999, 8903, 164446.266666675, 165264.600000009, 165772.333333342, 
158.466666666667, 173.8, 2459.86666666666, 11195.8666666667, 3486, 7991.19999999999, 1335.73333333333, 3529.86666666666, 6768.66666666665, 11108.8666666667, 2466.46666666666, 3550.2, 5731.73333333332, 29979.7999999997, 5656.46666666666, 13334.0000000001, 11121.5333333334, 12242.1333333334, 4501.79999999999, 7796.66666666665, 1414.86666666667, 28407.1999999997, 23344.3333333332, 21230.4666666667, 27722.1333333332, 33236.933333333, 11202.2666666667, 164284.666666674, 83987.7999999985, 97191.866666664, 27540.0666666665, 20062.6666666667, 143375.400000001, 21241.2666666667, 77340.1333333321, 81669.3999999987, 110489.599999997, 57063.0666666662, 89716.5999999982, 47318.9333333329, 22397.7333333333, 55432.1333333328, 75463.5999999987, 156724.000000005, 136286.799999998, 122270.466666662, 26540.0666666665, 112064.199999997, 116304.466666663, 95120.0666666644, 48503.3333333329, 88950.399999998, 69197.9333333326, 163357.400000008, 39581.7333333329, 163934.733333341, 163893.733333342, 164061.933333342, 
3294.86666666667, 1315.4, 8995.33333333334, 3564.86666666667, 163313.600000008, 164151.933333342, 164566.666666675, 
1132.93333333333, 3523.13333333333, 1304.46666666667, 66562.3999999995, 9098.13333333334, 35546.9999999997, 165278.000000009, 45317.4666666662, 79150.6666666654, 165703.333333342, 165661.266666675, 165599.933333342, 
1253.66666666667, 3462.53333333333, 14293.0666666668, 165499.266666675, 154434.666666672, 165127.266666675, 164070.666666675, 165389.200000009, 
89.3999999999998, 2247.13333333333, 56090.7333333327, 35463.4666666663, 3572.8, 16831.5333333335, 21059.6666666667, 164711.266666675, 137452.066666664, 164078.533333342, 107493.733333331, 165247.533333342, 166026.266666675, 165358.533333342, 
264.533333333333, 1090.6, 1358.46666666666, 12274.0666666667, 66786.6666666661, 164307.000000009, 164747.600000008, 54970.4666666662, 164114.866666675, 17855.6666666668, 164427.000000008, 123366.733333329, 163483.666666674, 162516.666666674, 141065.333333333, 68155.9999999992, 164324.600000008, 147995.066666669, 164692.200000008, 163464.666666674, 28628.1999999998, 164234.133333341, 126261.466666662, 163658.266666675, 164091.266666675, 163429.200000008, 
18494.7333333334, 138943.866666665, 164822.000000008, 165216.933333341, 165855.533333342, 
2323.26666666666, 6819.73333333332, 4691.93333333333, 77064.999999999, 164511.333333341, 166037.666666675, 165606.933333342, 
121.666666666666, 1251.66666666667, 1289.8, 2428.2, 1363.86666666666, 1334.33333333333, 3431.4, 2375.4, 3578, 1282.66666666667, 3504.53333333333, 4521.33333333333, 1304.13333333333, 2399.73333333333, 4638.06666666666, 9034.73333333334, 8996, 4610.06666666666, 18855.2000000001, 10087.4, 2433.13333333333, 5800.59999999999, 2478.4, 6864.26666666665, 18975.4666666667, 15665.0666666668, 11332, 1382.2, 8973.53333333332, 4654.39999999999, 34386.4666666663, 10119.6, 11294.2, 8001.99999999999, 11246.0666666667, 5720.59999999999, 13424.5333333335, 1244.86666666667, 7997.59999999998, 1352.53333333333, 5720.59999999999, 27715.5333333331, 11258.5333333334, 11257.2666666667, 6850.13333333332, 14642.6000000001, 1341.6, 3577.46666666666, 3524.59999999999, 1307.73333333333, 1365.73333333333, 8027.13333333332, 3542.8, 1373.8, 6921.73333333332, 4703.19999999999, 15704.6000000002, 6827.33333333332, 31203.9999999997, 6877.06666666665, 5741.53333333332, 6820.73333333332, 2351.33333333333, 10247.8, 3443.6, 6871.53333333332, 4563.79999999999, 3553.06666666667, 5826.79999999998, 5790.59999999999, 14492.3333333335, 412.666666666666, 12369.1333333334, 15563.5333333335, 9039.13333333334, 11255.3333333334, 13646.5333333334, 3463.06666666666, 21143.5333333334, 3517.26666666666, 3607.93333333333, 16796.0666666668, 24537.7333333332, 14591.5333333335, 15624.2000000001, 16901.1333333335, 10145.4, 11358.5333333334, 8957.2, 13495.2666666668, 10185.0666666667, 11227.6000000001, 11134.5333333334, 14559.0000000001, 7961.53333333331, 11094.9333333334, 18970.4666666668, 16864.2000000001, 16848.9333333335, 9129.26666666667, 17992.9333333334, 1551.93333333333, 11215.0000000001, 2379.8, 64596.9333333326, 147316.133333335, 165949.533333342, 73077.3333333321, 66562.7333333324, 118830.33333333, 113446.266666663, 164947.200000008, 164373.666666675, 166100.866666675, 
7878.93333333332, 102911.666666664, 117759.066666664, 1346.4, 163877.600000009, 164225.000000008, 164572.666666675, 
187, 19965.4, 74807.199999999, 164596.866666675, 165529.666666675, 165258.333333342, 
185.333333333333, 281.666666666666, 163319.800000008, 164278.266666675, 164552.600000008, 
262.933333333333, 1215, 162953.200000008, 165485.533333342, 165115.600000008, 165270.933333342, 
164624.266666675, 164432.666666675, 164896.933333342, 
1201.46666666666, 10002.6, 8946.59999999999, 1336.8, 165330.666666676, 166105.933333342, 165613.933333342, 
3529.86666666666, 1303.73333333333, 11335.3333333334, 1250.6, 5713.06666666666, 51790.2666666662, 20066.4666666667, 38624.0666666664, 20987.7333333333, 34189.533333333, 3604.46666666666, 21071.6, 63853.8666666661, 48426.9999999997, 5697.99999999999, 12356.7333333334, 12427.8666666668, 163638.200000008, 76833.9333333322, 141864.999999999, 78241.7999999987, 5646.39999999999, 1369.46666666667, 55021.733333333, 12354.7333333334, 13200.9333333334, 36302.2666666663, 19700.4666666667, 51741.2666666662, 80268.5333333321, 13426.3333333334, 27683.0666666665, 18777.0666666667, 164466.933333342, 69586.1333333325, 145842.866666668, 25379.6666666665, 24536.1333333333, 87918.5333333316, 164091.666666675, 3575.06666666666, 164658.933333341, 27742.9999999998, 37392.6666666663, 26841.2666666666, 164345.333333341, 45326.9333333329, 163905.666666675, 163449.933333341, 163550.333333341, 
16287.1333333335, 15515.2666666668, 8938.33333333333, 61774.1999999993, 66700.3999999995, 125999.666666663, 164047.200000008, 40754.733333333, 83820.3333333317, 165741.266666675, 130261.466666663, 165426.333333342, 140788.133333332, 165494.533333342, 163824.666666675, 166239.666666675, 
4661.66666666666, 81808.3999999985, 66473.5333333325, 164418.600000008, 164385.466666675, 164663.933333342, 
163921.666666676, 70854.466666666, 86241.266666665, 143127.733333334, 8893.33333333333, 163748.666666675, 163059.933333342, 163127.733333341, 
207.4, 2232.93333333333, 1146, 141.2, 2256.6, 1165.8, 1312.66666666666, 2319.66666666666, 3449.66666666667, 1335.66666666667, 2410.2, 2403.33333333333, 10139.2, 3421, 4590.33333333333, 6772.26666666665, 4520.66666666666, 6847.93333333332, 2400.8, 2358.66666666666, 3438.86666666666, 1342.06666666667, 2465.86666666666, 2486.13333333333, 5708.59999999999, 1394.4, 7932.79999999998, 1272.26666666667, 2468.8, 2448.06666666666, 6789.99999999999, 3497, 3487.73333333333, 3525.13333333333, 2352.46666666666, 3538.06666666666, 1251.26666666667, 1284.73333333333, 2504.4, 2441.06666666666, 9121, 6832.46666666665, 1366.66666666666, 2369.13333333333, 2338.73333333333, 1344.4, 3474.8, 5666.39999999999, 3584.6, 1318.53333333333, 1422.6, 1316.53333333333, 1322.6, 1173, 6809.13333333331, 1318.46666666667, 1294.06666666666, 1311.4, 7911.99999999999, 1323.53333333333, 1207.66666666667, 3517.4, 3494.53333333333, 1316.86666666667, 1303.13333333333, 1311.53333333333, 8077.66666666665, 4536.93333333333, 1301.73333333333, 2412.73333333333, 3579.86666666666, 1230.13333333333, 1379.33333333333, 2492.33333333333, 1327.13333333333, 1237.6, 1255.53333333333, 1368.13333333333, 2422.6, 1371.06666666666, 1394.6, 1257.4, 2443.93333333333, 1391.2, 7840.99999999998, 4606.93333333333, 2434.8, 1312.6, 1356.8, 1220.53333333333, 2474.26666666666, 2495.33333333333, 2378.66666666666, 4722.99999999999, 1311, 3505.66666666666, 1242.86666666666, 5820.53333333333, 5760.59999999999, 237.733333333333, 1331, 1278.86666666666, 6826.26666666666, 3512.8, 2404, 2503.93333333333, 3593.66666666666, 2510.93333333333, 2487.2, 1338.8, 9032.13333333333, 3483.33333333333, 5739.33333333333, 3496.66666666666, 2470.13333333333, 5704.19999999999, 476.133333333333, 1345.26666666667, 1319.2, 7839.79999999998, 1336.93333333333, 2452.53333333333, 2360.66666666666, 1181.46666666667, 2459.46666666667, 
1102.66666666667, 2376.86666666666, 162935.000000008, 164352.600000009, 164963.933333342, 
180, 1237.4, 1254.6, 163177.000000008, 5545.73333333332, 78529.1333333321, 87565.3999999982, 128692.466666662, 164212.333333342, 163969.666666675, 163990.266666675, 
78.2666666666667, 19575.9333333334, 42835.8666666662, 164378.866666675, 164188.000000008, 117012.799999997, 164284.866666675, 163555.333333341, 163784.533333341, 
186.4, 1290.06666666667, 1239.4, 225.666666666667, 2428.53333333333, 1253.33333333333, 3507.86666666666, 2260.46666666666, 2300.2, 1356.66666666666, 2403.66666666667, 2269.86666666666, 212.733333333333, 2369.33333333333, 232.066666666667, 2309, 2437.53333333333, 1293.4, 7921.66666666665, 1250.4, 2335.6, 2355.33333333333, 2375.26666666666, 3552.46666666666, 1270.4, 1295.33333333333, 2347.26666666666, 2335.13333333333, 1286.4, 1392.66666666666, 2381.8, 2419, 4510.93333333333, 2345.73333333333, 2447.93333333333, 2315.13333333333, 3524.73333333333, 3539.4, 2313, 2324.93333333333, 3555.26666666666, 3471.13333333333, 2417.4, 1356.66666666666, 2302, 2255.46666666666, 2405.13333333333, 1329.73333333333, 3415.26666666667, 3414.06666666666, 3516.86666666666, 1265.66666666667, 3392.4, 2404.46666666666, 2413.4, 5716.26666666666, 1310.53333333333, 1267.73333333333, 4603.2, 2346.93333333333, 2222.6, 3457.8, 3420.6, 2473.8, 1266, 3465.26666666666, 3473.33333333333, 3449.73333333333, 5680.79999999999, 3557.06666666666, 4552.6, 7877.06666666665, 3442.86666666666, 3353.66666666666, 1280.8, 1279.6, 2366.4, 1278.66666666666, 1292.66666666667, 3504.13333333333, 2489.8, 1290.73333333333, 8970.53333333333, 2301, 2511.86666666666, 2401.73333333333, 1335.13333333333, 2340.4, 3489.73333333333, 3516.8, 1289.26666666666, 2472.26666666667, 257.4, 2471.53333333333, 8006.79999999999, 5666.79999999999, 1286.73333333333, 4608.26666666666, 2457.13333333333, 1288.46666666667, 261.066666666667, 3534.8, 3470.13333333333, 2630.13333333333, 2424.8, 4673, 2246.6, 3438, 4562.26666666666, 3498.26666666666, 2345.6, 1281.53333333333, 2434.8, 3401.93333333333, 5711.73333333333, 2424.93333333333, 2407.46666666666, 2403.86666666666, 4628.66666666666, 2284.4, 2250.86666666666, 4649.66666666666, 1317, 5836.06666666666, 3575.93333333333, 
230.133333333333, 1174.26666666667, 216.066666666666, 1226.4, 1204.06666666667, 1241.66666666667, 1202.33333333333, 212.8, 1256.93333333333, 1330.4, 1234.46666666667, 1191.4, 2354.06666666667, 234.4, 2426.8, 1225.6, 1274.46666666667, 1264.06666666667, 219.066666666666, 1225.13333333333, 2371.6, 2392.2, 2448.86666666666, 1251.46666666667, 1227.73333333333, 236.133333333333, 1338.33333333333, 1242.53333333333, 1203.2, 3385.33333333333, 2327, 1204.46666666667, 1329.46666666666, 1214.8, 2410.8, 1192.33333333333, 1212.2, 2338.73333333333, 1241.8, 2347.4, 1203.73333333333, 1199.46666666667, 2451.93333333333, 1245.46666666666, 219.066666666666, 1233.13333333333, 1228.2, 3432.13333333333, 1233.4, 285.733333333333, 268.533333333333, 1313.13333333333, 2439.66666666666, 1251.06666666666, 2431.2, 1261, 1184.33333333333, 3451.73333333333, 2433.53333333333, 1280.33333333333, 2422.4, 2342.33333333333, 1235.06666666666, 1350.33333333333, 243.466666666667, 1253.6, 271.2, 1232.06666666667, 236.4, 1323.06666666666, 254.8, 3546, 222.4, 277.866666666667, 1387.26666666667, 2469.53333333333, 1274.46666666666, 252.8, 1231.2, 1255.26666666667, 277.066666666666, 2447.26666666666, 220.333333333333, 1273, 236.6, 1285.86666666667, 1326.46666666666, 1250.53333333333, 1271.8, 1286, 1200.73333333333, 1329.06666666667, 1223, 1226.66666666666, 1236.46666666666, 1335.26666666667, 298.4, 251.266666666667, 3499.8, 1229.13333333333, 1266.2, 1264.06666666666, 2443.2, 1225.46666666667, 2347.46666666667, 228.733333333333, 211.466666666667, 2362.66666666667, 274.533333333333, 1202, 2422.66666666666, 1245.73333333333, 1228.8, 1265.6, 1375.4, 1257.4, 237.466666666667, 283.733333333333, 1261.2, 1277.93333333333, 1326.46666666666, 268.533333333333, 234.4, 1348.2, 2408.2, 
150.4, 1233.66666666666, 2338.93333333333, 2400.4, 3493.86666666666, 2449.33333333333, 2415, 1258.6, 1321.6, 1250.06666666666, 2348.2, 1248.33333333333, 1327.66666666666, 2357.13333333333, 1325.33333333333, 1365.73333333333, 1294, 5708.66666666666, 2493.13333333333, 1324.33333333333, 2460.6, 2380.26666666667, 1243.6, 2310.93333333333, 1310.6, 1291.8, 3524.73333333333, 2327.73333333333, 2388.13333333333, 1253.93333333333, 1257.33333333333, 1262.73333333333, 2461.8, 1367.66666666667, 2369.2, 1273.46666666667, 2290.93333333333, 268.8, 2457.66666666667, 2454.33333333333, 2472, 2426.93333333333, 1299.6, 1289, 2408.2, 1252.6, 1256.53333333333, 1260.06666666667, 1346.06666666667, 1268.13333333333, 2445.53333333333, 1324.6, 2360.13333333333, 1300.13333333333, 2463.2, 1239.66666666666, 3495.06666666667, 2321.33333333333, 2372.93333333333, 1370, 1264.6, 2352.8, 3542.06666666666, 3432.8, 2472.93333333333, 1355, 2449.26666666666, 1325.46666666667, 1251.73333333333, 1284.86666666666, 2379.13333333333, 3543.66666666666, 1248.8, 1323.33333333333, 3515.26666666667, 2439.73333333333, 1275.4, 1291.46666666666, 1316.53333333333, 1266.33333333333, 1288.33333333333, 2467.2, 1269, 1280.06666666666, 2426.06666666667, 2408.73333333333, 1233, 1298.86666666666, 1246.26666666667, 2433, 3517.66666666666, 2414.93333333333, 2474.33333333333, 1258.73333333333, 1336.93333333333, 1358.8, 1298.26666666667, 1246.4, 1238, 1237.73333333333, 1262.46666666667, 1233.33333333333, 1276.46666666666, 1254, 1384.33333333333, 1288.6, 1280.46666666667, 1294.53333333333, 1266, 1222.73333333333, 1315.4, 4640.13333333333, 1229.66666666667, 2472.4, 1334.8, 3483.13333333333, 1265.4, 2364, 2435.66666666666, 1301.2, 1286.4, 1257.4, 1277.13333333333, 1290.8, 1242.33333333333, 
1291.2, 2307.93333333333, 1242.73333333333, 2278, 1246.2, 1279.93333333333, 1292, 1266.66666666667, 3508.93333333333, 3422.33333333333, 1222.2, 2364, 4625.99999999999, 3497.46666666666, 3458.6, 2379.73333333333, 1207.13333333333, 1305.66666666666, 2432.8, 2402.93333333333, 1242.33333333333, 1266.46666666667, 2404.73333333333, 2300.6, 1277.06666666667, 2320.93333333333, 1201.06666666666, 1225.46666666667, 1284.26666666667, 2376.53333333333, 1261.66666666666, 3488.79999999999, 4582.99999999999, 2279.2, 1260, 2437.8, 1307.66666666667, 3491.86666666666, 6737.33333333332, 4723.26666666666, 1239.6, 4574.53333333333, 2423.6, 3524.33333333333, 1258, 1290.4, 3503.46666666666, 1285.06666666666, 1251.8, 1204.33333333333, 1297.2, 1215.86666666666, 3410.93333333333, 2436.33333333333, 3475.8, 2393.53333333333, 1275.8, 1242.66666666666, 1265, 1278.73333333333, 3468.86666666666, 2342.53333333333, 5708.99999999999, 1204.53333333333, 2376.73333333333, 1387.53333333333, 2292.46666666666, 1266, 1288.53333333333, 1285.13333333333, 1328.86666666667, 2412.2, 1211, 1290.4, 2399.86666666666, 1200.6, 2386.06666666667, 3341.2, 3553.6, 1236.93333333333, 1321.26666666667, 2427.66666666666, 2368.79999999999, 2272.73333333333, 2264.33333333333, 1204.8, 3482.2, 1268.13333333333, 2389.73333333333, 2373.13333333333, 3508.33333333333, 1204.86666666666, 311.6, 2437.46666666667, 1269.6, 2464.8, 1250.53333333333, 1239.53333333333, 2307.6, 1244.4, 1284.33333333333, 1252.06666666666, 1307.93333333333, 3481.33333333333, 1301.93333333333, 1292.4, 1226.4, 2437.6, 3438.26666666666, 1236.33333333333, 1291.06666666666, 2478.93333333333, 1263.6, 3490.8, 4527.79999999999, 1275.26666666666, 1360.46666666667, 1328.26666666667, 2500.6, 1337.66666666667, 1267.26666666666, 2356.33333333333, 2402.46666666666, 12227.8000000001, 3484.46666666666, 
6679.59999999998, 28561.933333333, 132948.866666662, 164737.600000008, 165342.333333342, 164770.600000008, 
196, 1311, 1330.93333333333, 2366.2, 1305.26666666666, 1241.33333333333, 1289.66666666666, 1297.33333333333, 1281.66666666666, 1262.46666666666, 2470.13333333333, 2362.46666666666, 2436.73333333333, 2300.4, 2399.66666666666, 1294.6, 1292.66666666667, 1291.8, 3464.93333333333, 4552.53333333333, 3532.13333333333, 2394.4, 4563.53333333332, 2529.13333333333, 2444.8, 4589.39999999999, 2377.26666666667, 2426.6, 1247.06666666666, 4556.39999999999, 3573.13333333333, 4639.19999999999, 2401.73333333333, 2440.59999999999, 1295.2, 1326.73333333333, 410.133333333333, 4740.99999999999, 1370.06666666666, 1333.8, 1291.2, 1257.66666666667, 1336.93333333333, 2526.46666666666, 4580.46666666666, 2300.86666666666, 2376.8, 1297.26666666666, 1257.6, 1247.06666666666, 1249.4, 2317.33333333333, 1261, 1328.8, 3503.59999999999, 5536.19999999998, 1237.53333333333, 1285.13333333333, 3502.19999999999, 2433.33333333333, 1329.13333333333, 2401.8, 1269.26666666666, 1309, 1300.4, 1290.6, 1250.93333333333, 1302.93333333333, 2390.86666666667, 1292.4, 1334, 1293.86666666666, 1317.8, 1323.93333333333, 1260.8, 2380.86666666666, 3440.4, 1250.53333333333, 1272.4, 1274.53333333333, 2430.33333333333, 2428.73333333333, 1296.33333333333, 3362.26666666666, 1328.73333333333, 1322, 2416.26666666667, 1264, 7856.93333333331, 2400.06666666666, 1336.33333333333, 1287.66666666666, 1330.13333333333, 1350.46666666667, 1273.8, 2392.19999999999, 1292.86666666667, 1299.86666666666, 2300.8, 1309.86666666667, 4640.93333333333, 2353.66666666666, 2344.93333333333, 3573.26666666666, 1332.06666666666, 1321.33333333333, 5665.86666666666, 4666.86666666666, 1282.33333333333, 1346.66666666666, 5732.39999999999, 3522.53333333333, 1274.33333333333, 2391.93333333333, 1255.93333333333, 1297.6, 1351.6, 1233.66666666666, 1324.93333333333, 1354.33333333333, 2275.66666666666, 2390.6, 1254.8, 2462.4, 2413.8, 
195.4, 2314.26666666666, 1218.73333333333, 1292.33333333333, 1202.13333333333, 1208.73333333333, 1229.66666666667, 1199.66666666667, 1202.26666666666, 1278.66666666666, 2334, 1215.33333333333, 1224.06666666667, 1280.53333333333, 1226.13333333333, 1242.86666666667, 1247.4, 2371.06666666666, 1274.06666666666, 4521.13333333333, 1255.6, 1227, 1188.66666666667, 1179.4, 1266.46666666667, 1304.46666666667, 1250.26666666666, 1177.73333333333, 1267.86666666667, 1237.66666666667, 1186.8, 1297, 3460.13333333333, 1243.6, 1270.26666666666, 1286.33333333333, 1247.8, 2412.66666666667, 1313.73333333333, 1248.66666666666, 2405.4, 1272, 3530.26666666666, 1298.13333333333, 1355.73333333333, 1250.33333333333, 2378.86666666666, 1331.06666666667, 1271.66666666666, 1308.26666666667, 1315.8, 2306.8, 1321, 1274.93333333333, 1357.8, 3524.2, 1295.66666666666, 2384.46666666666, 1317.8, 1291.2, 2362.73333333333, 1251.26666666666, 1344.13333333333, 1289.26666666667, 1267.2, 1242.73333333333, 1237.46666666667, 2434.13333333333, 1254, 1335.53333333333, 3454.4, 2404.33333333333, 1222.53333333333, 2381.93333333333, 1337.93333333333, 1279.86666666666, 1301.86666666666, 1307.86666666667, 308.2, 1406.26666666666, 1282.2, 1320.86666666666, 1325.33333333333, 294.4, 1334.8, 2354.59999999999, 1304.73333333333, 4681.06666666666, 2481.26666666666, 3444, 1324.6, 2294.2, 1329.46666666666, 1268.53333333333, 1319.4, 1287.33333333333, 2430.66666666666, 1228.66666666666, 1265.73333333333, 2409.53333333333, 1315.86666666666, 1337.2, 1291.8, 273, 1276.4, 1273.93333333333, 1281.53333333333, 1244.8, 1236.6, 181.4, 1280.8, 2416.8, 2423.93333333333, 2395.99999999999, 3511.19999999999, 2410.93333333333, 1335.2, 1288.66666666666, 2358.26666666667, 1365.13333333333, 1268.46666666667, 3480.06666666666, 2353.19999999999, 1294.06666666666, 2470.2, 
1301.4, 2448.6, 1286.93333333333, 1358.8, 1211.93333333333, 2365.6, 1272.73333333333, 1250, 1227, 1286.33333333333, 2396.06666666666, 1235.33333333333, 3520.6, 1231.4, 1254.4, 1321.33333333333, 1223, 1289.06666666666, 2303.33333333333, 2431.66666666666, 1294.73333333333, 2390.53333333333, 1361.46666666666, 1292.26666666666, 1233.33333333333, 1369.2, 1285.06666666666, 1263.6, 1246.66666666667, 2347, 1280.66666666667, 1402.13333333333, 1240, 3435.33333333333, 2381.4, 1262.33333333333, 1250.13333333333, 1231.73333333333, 1333, 1308.13333333333, 1309.33333333333, 1271.13333333333, 2391.66666666667, 1263.33333333333, 1270.73333333333, 1223.66666666667, 1257.4, 1351.53333333333, 1308.4, 1324.6, 2368.06666666666, 1247.66666666666, 1272.66666666666, 1250.73333333333, 1247.06666666666, 1253, 2376.6, 4632.99999999999, 2269.73333333333, 1255.13333333333, 1299.66666666666, 1325.4, 1291.73333333333, 1221, 1253.66666666666, 1261.33333333333, 1248, 2426.66666666666, 1343.93333333333, 1277.13333333333, 2362.4, 2390.26666666666, 2444, 1293.8, 1270.73333333333, 2448.4, 1234.66666666666, 1267.33333333333, 1234.33333333333, 1215.73333333333, 1238.33333333333, 1264.33333333333, 1249.33333333333, 1226.66666666666, 1258.66666666667, 1270.46666666667, 1231.4, 1230.73333333333, 2376.33333333333, 1352.06666666667, 1216.06666666667, 1270, 1353.93333333333, 1228.33333333333, 1279.13333333333, 2438.26666666666, 1238.93333333333, 1294.33333333333, 1325.66666666667, 1275.33333333333, 1263.33333333333, 2419.86666666667, 2462.8, 2369, 1237.06666666666, 1228.73333333333, 1207.66666666666, 1244.06666666666, 1267.53333333333, 1235.73333333333, 4518.86666666667, 1256, 1259.73333333333, 1264, 1267.4, 1324.66666666666, 1249.2, 1228.4, 1240.73333333333, 1346.73333333333, 3550.26666666666, 1283.06666666666, 1266.33333333333, 3433, 2348.06666666667, 
1174.33333333333, 1247.06666666667, 2275.4, 208.666666666667, 1225, 2426.86666666666, 1220, 1203.33333333333, 1337.93333333333, 2368.13333333333, 1271.66666666667, 2470.26666666667, 1241.6, 1360.8, 2462.13333333333, 2309.53333333333, 247.466666666667, 1270.73333333333, 230.8, 1261.8, 1291.4, 1187.8, 194.733333333333, 1302.53333333333, 2341.2, 1342.86666666666, 2410.73333333333, 215.733333333333, 2353.73333333333, 240, 1308.73333333333, 289.066666666666, 242.866666666667, 2348.06666666667, 1308.73333333333, 249.466666666667, 266.533333333333, 2370, 221.733333333333, 1197.86666666666, 1357.53333333333, 1228.26666666666, 1234.66666666667, 297.8, 1221.66666666667, 1219.26666666667, 298.4, 1216.06666666667, 1342.73333333333, 1267.13333333333, 2328.73333333333, 1301.4, 1199.86666666666, 1274.66666666667, 1232.33333333333, 1293.66666666666, 1254.8, 1313.2, 1240.13333333333, 2327.6, 2347.06666666666, 1250.66666666667, 1235, 220.733333333333, 1302, 1243.66666666667, 1351.8, 2262.13333333333, 1249.66666666666, 1254.26666666666, 1203.4, 1325.26666666667, 210.8, 1260.73333333333, 2467.33333333333, 3485.73333333333, 1244.33333333333, 1248.26666666666, 2293.93333333333, 1224, 1216, 1232.8, 192.133333333333, 214.4, 1210.33333333333, 1264.6, 251.2, 1287.2, 219.133333333333, 1295.26666666666, 1262, 1287, 226.8, 1246.06666666667, 209.066666666666, 203.4, 2405.06666666666, 1244.66666666666, 1173.33333333333, 3514, 1261.33333333333, 1242.13333333333, 1327.86666666667, 1206.4, 1221.73333333333, 1348, 2389.26666666667, 1335.26666666666, 2360.53333333333, 2371.4, 1274.06666666666, 2416.73333333333, 2462.33333333333, 1329.13333333333, 1254.26666666667, 1291.13333333333, 1331.86666666667, 3364.66666666666, 2331.8, 1285.4, 1222.86666666667, 1340.13333333333, 273.866666666667, 2441.26666666666, 2403.73333333333, 
164.066666666666, 3510.93333333333, 1304.06666666667, 1220, 1218.26666666666, 1350.46666666666, 2400.06666666667, 1340.73333333333, 2347.33333333333, 1262.13333333333, 1319.26666666667, 1228.33333333333, 1250.33333333333, 1211.66666666667, 2403.26666666667, 1283.8, 2424.33333333333, 2416.6, 1325.13333333333, 1320.46666666667, 2406.33333333333, 1207.46666666666, 2364.66666666666, 1230.2, 1232.26666666667, 1272.53333333333, 1288.26666666666, 1241.06666666667, 1212, 1225.33333333333, 1335.13333333333, 1234.4, 1243.86666666666, 1317.13333333333, 1326.06666666667, 1200.66666666667, 1231.8, 1248.26666666666, 1305.86666666667, 1228, 1246.53333333333, 1215, 1225.66666666667, 1218.66666666667, 1264.8, 1224.06666666667, 1276.73333333333, 1298.86666666666, 3503, 1214, 2414.6, 1323.26666666667, 1270.13333333333, 1259.6, 2392.33333333333, 1260.06666666667, 1341.46666666666, 1242.4, 1287.4, 1296.33333333333, 2368.6, 1246.73333333333, 1217.46666666667, 2421.93333333333, 2494.33333333333, 1202, 1272.06666666667, 1243.4, 1213.06666666667, 1252.8, 2451.66666666666, 2413.26666666667, 2420.26666666666, 1329.6, 1274.13333333333, 2437.33333333333, 280, 3477, 2429.13333333333, 1267.46666666667, 2382.4, 1222.4, 2455.33333333333, 1261.93333333333, 1311.73333333333, 2337.93333333333, 2388.93333333333, 1336.66666666666, 1345.53333333333, 1241.33333333333, 2414.8, 1324.06666666667, 1243.8, 3465.39999999999, 1230.93333333333, 1282.73333333333, 1265, 1280.6, 1273.2, 2384, 1251.26666666666, 1266.8, 2362.13333333333, 1310.66666666667, 2314.06666666667, 1239.73333333333, 3633.13333333333, 1271.46666666667, 1271.13333333333, 2372.73333333333, 1342.46666666666, 1249.06666666667, 1258.93333333333, 1222.06666666666, 1274.13333333333, 1226.13333333333, 1306.46666666667, 1348.33333333333, 3476.06666666666, 1241.66666666667, 2383.53333333333, 1258.46666666667, 1382.13333333333, 1254.13333333333, 1271.93333333333, 
217.4, 2210.26666666667, 1259.4, 2247.06666666666, 1236.8, 1255.53333333333, 1222.66666666667, 5659, 1299.53333333333, 2291, 1260, 2442.73333333333, 1275.33333333333, 1235.66666666667, 1222.66666666666, 1249.73333333333, 2422.93333333333, 2405.86666666666, 1227.73333333333, 1256.66666666667, 2496.66666666666, 1240.33333333333, 1334.6, 1228.4, 2399.4, 1234, 1352.26666666667, 1230.33333333333, 1233.73333333333, 3522.6, 2391.33333333333, 1249.6, 1371.13333333333, 2354.06666666666, 1247.66666666666, 3569.86666666666, 2413.33333333333, 1258.73333333333, 1273.66666666666, 1324.8, 1203.06666666667, 1204.46666666667, 1271.06666666666, 2437.4, 2354, 1322.26666666666, 1326.4, 2406, 1218.06666666667, 2461.6, 1325.66666666666, 1300.4, 1212.66666666667, 1232.4, 2417.93333333333, 1270.73333333333, 2439.66666666667, 2326.06666666666, 2440.06666666666, 1256.73333333333, 1220.66666666666, 1215.33333333333, 1225, 2376.26666666667, 1242.4, 3435, 3542.46666666666, 1280.06666666667, 1342.8, 2410.66666666667, 1310.13333333333, 1252.33333333333, 1316.13333333333, 1254.73333333333, 1307.13333333333, 3405.46666666667, 3525.33333333333, 1306.46666666666, 3533.73333333333, 1226.66666666666, 1367.46666666666, 2337.93333333333, 1225, 1313.66666666666, 1216.66666666666, 3464.93333333333, 1229, 1230.33333333333, 2393.6, 2413.66666666667, 1231.66666666666, 1265.33333333333, 2538.2, 1290.8, 1271, 1212.06666666667, 1309.73333333333, 2412.4, 1253.06666666667, 1367.06666666667, 1249.4, 1223.46666666666, 1305.8, 2445.06666666666, 1244.46666666666, 1241.73333333333, 1249.4, 1240.4, 1351.8, 1242.73333333333, 1228.66666666667, 1228.4, 1210.06666666667, 1279, 1252, 1230.66666666666, 1212.73333333333, 2413.4, 1199.66666666667, 2377.4, 1222.06666666667, 1328.53333333333, 1244, 1295.46666666666, 1221.4, 
187.4, 2438.06666666667, 3505.73333333333, 1242, 200.066666666667, 2319.26666666666, 2354.93333333333, 254.533333333333, 3465.73333333333, 2330.26666666667, 3501.46666666666, 1248.73333333333, 1355.6, 1298.4, 1293.06666666667, 2405.06666666666, 2435.4, 2337.13333333333, 1240.66666666667, 2371.93333333333, 1224.4, 1232.33333333333, 207.8, 1158.93333333333, 216.466666666666, 2402, 1285.66666666667, 204.8, 1272.73333333333, 1194.33333333333, 1210.06666666666, 1209, 1349.86666666667, 221.4, 191.733333333333, 218.8, 251.333333333333, 1336.53333333333, 1209.73333333333, 1230.93333333333, 237.666666666667, 2399.93333333333, 2248.66666666666, 185.466666666667, 1240.33333333333, 1252.73333333333, 1202.4, 1233.4, 221.8, 224.4, 1241, 1313.13333333333, 2376.93333333333, 233.466666666666, 1194.06666666667, 1260.53333333333, 221, 1238.33333333333, 1288.8, 1251.6, 2287.33333333333, 1265.86666666667, 1216.66666666667, 206.666666666666, 219.8, 231.666666666667, 1206.06666666667, 208.866666666667, 198.8, 209.2, 1240.73333333333, 1204.06666666667, 1207.86666666667, 253.466666666667, 1236.93333333333, 2330.06666666667, 4660.86666666666, 285.733333333333, 1265.33333333333, 268.533333333333, 2339.33333333333, 254, 1318.46666666667, 229.4, 243, 1193.66666666666, 4612.99999999999, 1414.93333333333, 2442.33333333333, 285.733333333333, 207.8, 1200.2, 1292, 1275.33333333333, 1398, 2359.46666666667, 1216.06666666667, 3448.6, 1206.73333333333, 1344.33333333333, 2431.66666666666, 1202.93333333333, 2371.66666666666, 268.533333333333, 223.333333333333, 1291.2, 219, 193.133333333333, 250.133333333333, 1320.46666666666, 1186.4, 1275.66666666667, 207.066666666666, 1253.93333333333, 1273.6, 1277.66666666666, 285.733333333333, 221.066666666666, 222.066666666666, 243.4, 3510.26666666666, 226.933333333333, 2399.93333333333, 243.066666666667, 2425.66666666666, 
1145.93333333333, 207.4, 1294.26666666667, 1272.26666666667, 2307.73333333333, 1219.46666666667, 2428.53333333333, 1228.13333333333, 1195.06666666667, 1224.4, 1220.8, 1283.26666666666, 1241.73333333333, 1232.33333333333, 3433, 1230.93333333333, 2382.33333333333, 1198.86666666666, 2318.46666666667, 1247.06666666667, 1320.6, 1180.06666666667, 1171.73333333333, 1222.06666666666, 1158.6, 1160.4, 1206.46666666667, 1165.33333333333, 2339.33333333333, 1184.4, 1192.06666666667, 2290.73333333333, 3410.6, 2256.8, 1226.8, 2267.86666666666, 1180.73333333333, 1196.06666666667, 1257.06666666667, 1195.8, 1224.93333333333, 1253.2, 1252.2, 1158.06666666667, 252.666666666667, 2265.73333333333, 2373.13333333333, 1282, 2322.26666666667, 1239.4, 2321, 2317.93333333333, 3471.66666666666, 1290.13333333333, 1203.06666666667, 2249.06666666667, 2368.73333333333, 3391.46666666666, 1183.4, 2334.33333333333, 2356.8, 2365.66666666666, 2339.33333333333, 1184.13333333333, 1183.53333333333, 1174.06666666667, 2454.93333333333, 1154.06666666667, 1205.2, 2322.8, 1185.06666666667, 2282.66666666666, 2407.6, 1173.4, 1223, 2400, 1173, 1159.13333333333, 2320.8, 1194.73333333333, 1182.46666666667, 1178.46666666667, 2221.6, 2262.33333333333, 1309.06666666667, 1286.33333333333, 1155, 1248.4, 1171.06666666666, 2238.73333333333, 1152.2, 1160.2, 237.866666666667, 3372, 1154.4, 1202.13333333333, 1247.06666666667, 2391.4, 2275.13333333333, 1175.73333333333, 2293.26666666667, 1257.33333333333, 2334.13333333333, 1246.33333333333, 1274.13333333333, 1247.33333333333, 1178.13333333333, 2245.66666666666, 2292.2, 1258.33333333333, 1195.8, 3464.99999999999, 2345.33333333333, 1182.73333333333, 1244.4, 2320.73333333333, 1267.06666666667, 1210.06666666666, 1229.86666666667, 4578.53333333333, 1222.46666666667, 1207.53333333333, 1265.8, 1271.66666666667, 1238.86666666666, 
139.066666666667, 232.066666666666, 3509.73333333333, 3361.73333333333, 2390.66666666667, 1292.73333333333, 3426.66666666666, 1109.86666666666, 1269.46666666666, 1282.2, 1320.33333333333, 245.133333333333, 2343.33333333333, 2455.6, 3598.06666666666, 213.8, 2379.53333333333, 220.733333333333, 1280.8, 216.066666666666, 2257.46666666667, 204.133333333333, 1169.26666666667, 2217.8, 1348.86666666666, 1307.86666666667, 1309.4, 1219, 1274.73333333333, 1252.2, 1126.66666666666, 1315.53333333333, 2368.26666666666, 1245.46666666667, 1172.8, 1276.33333333333, 1219.53333333333, 3503, 2316.06666666666, 1268.33333333333, 1296.86666666666, 3582.73333333333, 1303.46666666666, 1266.8, 1143.53333333333, 1278.13333333333, 218.8, 1211.46666666667, 1286, 2426.46666666666, 2452.8, 1359.06666666666, 205.4, 3516.73333333333, 1257.2, 2478.93333333333, 1286.13333333333, 1246.93333333333, 1375.8, 1269.46666666667, 2447.2, 1187.93333333333, 1311.8, 2384.06666666666, 1204.26666666666, 2379.93333333333, 1255.06666666666, 1291.73333333333, 3391.93333333333, 2287.73333333333, 289.066666666666, 1338.93333333333, 254.133333333333, 3619.86666666666, 1327.2, 1266.33333333333, 1272.46666666666, 1270.53333333333, 3552.93333333333, 2477.06666666666, 1329.93333333333, 5662.19999999999, 1231.4, 1289.33333333333, 1244, 2315.13333333333, 1317.53333333333, 1317.66666666667, 3479.13333333333, 1280.93333333333, 274.533333333333, 1220.33333333333, 2446.2, 1296, 1282.73333333333, 1413.13333333333, 2469.2, 1235.4, 2253.6, 1221.86666666667, 2362.73333333333, 2513.4, 2352.53333333333, 2431.93333333333, 2412.4, 1283.4, 3392, 1254.53333333333, 1313.26666666667, 1214.73333333333, 1344.2, 3539, 1292.06666666667, 1376.13333333333, 1307.93333333333, 1286.66666666667, 1249.46666666666, 2310.4, 1269.33333333333, 1272.26666666667, 1234.6, 1281.8, 2409.26666666666, 2416.46666666667, 2354.66666666666, 
253.4, 3498.59999999999, 2447.4, 1237.66666666667, 2435.33333333333, 1272.06666666666, 1194.73333333333, 2424.33333333333, 1244.66666666666, 1257.4, 1293.53333333333, 1266.4, 2420.6, 1263.4, 1228.73333333333, 2416.93333333333, 2438.66666666666, 1334.06666666667, 1273.6, 1238.4, 1317.73333333333, 2481.13333333333, 1242.4, 1264.33333333333, 1313.33333333333, 3587.33333333333, 1284.06666666667, 2294.93333333333, 1300.06666666666, 1266.4, 6818.73333333332, 2442.66666666667, 1314, 2398.66666666666, 2441.66666666667, 1295.46666666666, 1320.4, 1298.53333333333, 1261.06666666666, 3417.2, 1305.93333333333, 3545.06666666666, 3556.73333333333, 1287.2, 3635.2, 1256.4, 1219, 2501, 2385.13333333333, 1362.26666666666, 1264.33333333333, 3596.06666666666, 1265.93333333333, 1247.73333333333, 1237.06666666667, 2317.86666666667, 2370.26666666666, 1356.6, 2352.66666666666, 1269.06666666667, 278.733333333333, 1330.86666666666, 1312.6, 1261.46666666667, 2458.59999999999, 1247.46666666666, 2366.8, 2448.26666666666, 1304.66666666666, 4695.73333333332, 2420.33333333333, 1290.33333333333, 3507.33333333333, 2401.26666666666, 1279.33333333333, 5746.79999999999, 3468.66666666666, 3420.53333333333, 3527.46666666666, 1264.6, 1270.93333333333, 1272.4, 1278.66666666666, 3501.93333333333, 1303.06666666667, 2475.2, 3433.79999999999, 2437.06666666666, 2373.66666666667, 1311.86666666666, 3647.6, 1270.26666666666, 2486.53333333333, 1282.53333333333, 2459.86666666666, 2444.93333333333, 2484.66666666666, 3551.4, 1343.66666666667, 1267.8, 3496.53333333333, 1316.33333333333, 1338.66666666666, 1348.73333333333, 2479.46666666666, 295.4, 2436.73333333333, 1262.53333333333, 1289.8, 1302.4, 3550.73333333333, 3566.06666666666, 2445.8, 1275.6, 2447.73333333333, 1298.73333333333, 1290.73333333333, 3528.93333333333, 1327.86666666667, 2375.6, 1303.66666666667, 1241.4, 1293.53333333333, 1340.66666666666, 2509.33333333333, 
68269.5333333328, 120479.066666663, 86556.1333333316, 102250.333333331, 95022.1999999981, 123807.799999996, 164553.600000008, 60622.7999999994, 11155.9333333334, 88014.1333333314, 114331.466666664, 3509, 2317.4, 101921.933333331, 164188.600000009, 77827.9999999987, 62725.7999999995, 84742.7999999984, 98574.0666666642, 164962.666666674, 164764.866666675, 165258.333333342, 
1190.06666666667, 1191.4, 1224, 1214.2, 1213.13333333333, 1193, 1185.66666666666, 2310.33333333333, 1196.66666666667, 2219.59999999999, 1154.33333333333, 1191.26666666667, 3388.33333333333, 1162.06666666667, 1127.66666666666, 1124.06666666666, 2194.66666666666, 1143.26666666667, 1132.33333333333, 1243.86666666666, 2226.26666666667, 1132, 1195.8, 1163.6, 2238.66666666667, 2184, 1139.66666666667, 2402, 1143.06666666666, 1200.06666666667, 1189.66666666667, 1182.73333333333, 2305.6, 2359.4, 1227.2, 2344.86666666666, 1208.4, 1234.93333333333, 2513.06666666667, 3471.6, 2379.06666666667, 2481.06666666666, 3565.26666666667, 1285.06666666667, 1278.66666666667, 1280.2, 1316, 1243.8, 1238.53333333333, 4562.13333333332, 1193.6, 1309.86666666666, 1288.4, 2473.6, 1306.4, 2416.73333333333, 2434.06666666667, 1329.2, 2382.33333333333, 1344.66666666666, 1206.66666666667, 1266.73333333333, 1186.2, 1210.4, 2371.66666666666, 1281.8, 4542.06666666666, 1202.06666666666, 1181.73333333333, 3529.73333333333, 2427.4, 1178.13333333333, 2373.8, 1271.73333333333, 1180.4, 1238.73333333333, 2335.33333333333, 1194.8, 1185.53333333333, 1181.86666666666, 1298.8, 1189.2, 1180.33333333333, 3466.33333333333, 1240.73333333333, 3439.2, 1199.2, 1338.66666666667, 1226.33333333333, 1217.06666666667, 4637.4, 1316.13333333333, 1194.6, 1241.93333333333, 2331.2, 1303.93333333333, 1220.46666666666, 1232.4, 3368.33333333333, 1188.33333333333, 2425.6, 1280.06666666667, 1352.73333333333, 1221.33333333333, 1358.53333333333, 1256.4, 3463.4, 5662.73333333333, 2389.53333333333, 1225.86666666666, 1296.4, 1311.66666666666, 3408.6, 2423.53333333333, 1246.13333333333, 2416, 1221.73333333333, 2364.66666666666, 2427.6, 1278.93333333333, 2328.66666666667, 1201.86666666667, 2497.8, 1290.6, 1266.73333333333, 
2184.93333333333, 254.933333333333, 1230.46666666667, 1178, 1184.33333333333, 215.666666666667, 183.733333333333, 1184.4, 1137.53333333333, 210.2, 1172.4, 188.533333333333, 3333.13333333333, 1225.93333333333, 166, 187.4, 1211.13333333333, 2291.46666666666, 182.066666666667, 1236, 173.666666666667, 180.266666666667, 1165.46666666666, 1217.13333333333, 1200.93333333333, 1157.93333333333, 1222.73333333333, 1162.06666666666, 185.533333333333, 215.466666666667, 154.066666666667, 1138.53333333333, 175.6, 1143.4, 1144.06666666667, 166.066666666667, 1119.93333333333, 148.133333333333, 1136.4, 1149.26666666667, 1113.13333333333, 215.4, 1181.73333333333, 1186.53333333333, 1158.73333333333, 1179.2, 1186.4, 1190.66666666667, 1182.33333333333, 1150.6, 232.466666666666, 148.733333333333, 223.133333333333, 1220, 1250.53333333333, 1205.33333333333, 1189.73333333333, 1232.33333333333, 192.8, 1210.86666666667, 218.266666666667, 2229.46666666666, 210.8, 1150.33333333333, 1150.26666666667, 1174.46666666667, 155.066666666666, 1157.8, 1195.33333333333, 1173.86666666667, 184.066666666667, 1177.86666666666, 1197, 241.6, 1234.93333333333, 1204.53333333333, 2231.66666666666, 1238.6, 183.066666666667, 1256.93333333333, 1167.13333333333, 1255.8, 1216.33333333333, 1252.2, 1230.33333333333, 1177.2, 205.733333333333, 2210.66666666666, 241.4, 1237.33333333333, 1177.46666666667, 1242.46666666666, 1281.73333333333, 1225.13333333333, 1226.4, 2239.8, 169.133333333333, 173.466666666667, 245.733333333333, 181.066666666667, 1256.8, 3301.73333333333, 1233.86666666667, 1214.26666666667, 187.533333333333, 1218.46666666667, 1189.66666666666, 1228.93333333333, 1195.4, 1212.4, 1231.93333333333, 1179.26666666666, 1159, 198.333333333333, 3388.73333333333, 1231.66666666667, 1167, 1173, 195.4, 1165.13333333333, 211.2, 251.066666666667, 1162.8, 1193.66666666667, 1204.4, 
200.4, 1312.4, 2404.13333333333, 1308.33333333333, 35251.2666666663, 165403.600000008, 165229.933333341, 165366.533333342, 
1136.4, 2393.33333333333, 2387.6, 1236.73333333333, 1325.2, 1270.73333333333, 1243.73333333333, 1323, 1239.73333333333, 1262.73333333333, 2472.06666666666, 1240.06666666666, 1232.53333333333, 1333.33333333333, 2414.73333333333, 1269.06666666666, 2444.66666666666, 1264.86666666666, 1334.86666666666, 2451.33333333333, 1291.26666666666, 3572.6, 2403.33333333333, 1330.73333333333, 2446.53333333333, 1248.53333333333, 246.133333333333, 1307.13333333333, 3496, 1300.46666666666, 243.466666666667, 1241.66666666667, 3466.26666666666, 2403.13333333333, 3571.13333333333, 2429.73333333333, 3397.4, 1245.8, 1218.33333333333, 275.933333333333, 3524.8, 1249.73333333333, 1218.73333333333, 3485.2, 3431.46666666666, 1394.33333333333, 1355.26666666667, 1285.13333333333, 1260.4, 1342.53333333333, 1296.46666666666, 1279.26666666667, 1280.46666666666, 261.866666666667, 1230.26666666667, 1355.4, 1276, 2310.53333333333, 1250.33333333333, 254.133333333333, 3500.4, 2408.46666666666, 1238.66666666666, 2319.86666666667, 292.533333333333, 1204.8, 2408.66666666666, 1229.33333333333, 2408.06666666667, 1272.33333333333, 1219.66666666666, 249.4, 1228.06666666667, 1266.4, 206.866666666667, 1247.33333333333, 203.933333333333, 1267.86666666666, 228.066666666666, 245.533333333333, 243.4, 291.066666666666, 1299.73333333333, 1293.8, 1263.4, 1220.4, 1346.66666666666, 2390, 1252.73333333333, 1321.33333333333, 1255.73333333333, 1252.13333333333, 1254.66666666666, 2429.33333333333, 209.533333333333, 206.066666666666, 216.733333333333, 213.333333333333, 1252.86666666666, 2405.26666666666, 1213.93333333333, 1266.46666666667, 1261.06666666667, 2413.93333333333, 1255.06666666666, 1258.66666666666, 1339.66666666667, 2416.66666666667, 2337.6, 1227.73333333333, 1261.4, 3492.06666666666, 1254.46666666667, 1220.46666666667, 2428.4, 1259.46666666667, 4487.33333333333, 2370.66666666666, 247.466666666667, 2379.26666666666, 2369.2, 1254.06666666666, 1254.53333333333, 1306.4, 1325.06666666666, 
1133.66666666667, 2344.8, 1296, 1242.33333333333, 2378.8, 4540.46666666666, 4527.13333333333, 3362.46666666666, 6699.39999999999, 4531.33333333333, 2393.06666666666, 3549.26666666666, 2440.8, 3542.73333333333, 5542.66666666666, 4645.66666666666, 2353.4, 10052.4, 2465.86666666666, 4671.06666666666, 10162.6, 2366.46666666666, 3400.46666666667, 3536.46666666666, 3599.66666666666, 1286.46666666667, 4541.33333333333, 11235.0666666667, 8898.93333333332, 5674.26666666666, 3457.53333333333, 7854.79999999998, 2428.33333333333, 4599.93333333333, 5712.46666666665, 387.2, 2386.2, 1398.6, 3581.26666666666, 3457.53333333333, 1361.6, 3516.06666666667, 3504.86666666666, 2400.26666666666, 9053.86666666667, 3438.79999999999, 6818.26666666666, 4704.73333333333, 1362.53333333333, 2318.13333333333, 450.333333333333, 7818.59999999998, 2411.93333333333, 4785.93333333333, 420.333333333333, 3525.73333333333, 6685.46666666665, 2340.06666666666, 1366.53333333333, 3597.33333333333, 2270.4, 3472, 12454.2666666667, 7888.79999999998, 6793.39999999999, 5706.93333333333, 3368.86666666666, 3528.59999999999, 3514.33333333333, 2431.8, 1502.73333333333, 2460.86666666666, 3441.06666666666, 4685.26666666666, 4697.46666666667, 2346, 1361.86666666667, 2386.6, 2305.13333333333, 8887.46666666667, 2451.6, 4533.06666666666, 3366.26666666666, 5576.79999999999, 4695.93333333333, 1419.86666666666, 2399.6, 1400.6, 1362.53333333333, 3560.33333333333, 5704.79999999999, 13456.0000000001, 2400.93333333333, 2481.66666666666, 8963.86666666667, 5668.53333333332, 5721.39999999999, 3575.86666666666, 4691.33333333333, 6736.13333333333, 11266.5333333334, 1321.4, 3476.93333333333, 5631.33333333332, 1341, 7952.39999999998, 2444, 1375.06666666667, 3534.8, 2461.73333333333, 4551.46666666666, 1338.46666666667, 2435.93333333333, 3609, 7819.59999999998, 1375.2, 1299.86666666667, 4655.06666666666, 1346.2, 2461.66666666666, 3554.53333333333, 4621, 3584.33333333333, 2320.6, 1283.93333333333, 
194.466666666667, 195.733333333333, 2254.13333333333, 1201.4, 4389.6, 4447.13333333333, 6543.06666666665, 1212.66666666667, 1188.53333333333, 3374.46666666666, 3390.33333333333, 199.466666666667, 2308.06666666666, 4387.39999999999, 3388.6, 1285.13333333333, 3511.33333333333, 1309.8, 3434.06666666666, 3390.13333333333, 2344.53333333333, 5611.86666666666, 13428.2666666668, 3323.13333333333, 2324.26666666666, 3545.06666666666, 2331, 4580.93333333333, 4551.13333333333, 1269.6, 1296.6, 3493.6, 3477.53333333333, 4508.2, 3470.46666666666, 11055.5333333334, 5487.46666666666, 11098.6, 4598.79999999999, 7815.46666666665, 1288.8, 1290.93333333333, 4579.46666666666, 5584.4, 1287.93333333333, 2365, 4564.26666666666, 3505.66666666666, 1273.2, 4501.53333333333, 4502.66666666666, 10076.0666666667, 5608.13333333333, 2385.06666666666, 2354.06666666666, 3415.2, 6806.59999999999, 3542.06666666666, 1331, 1293, 3422.13333333333, 5689.26666666665, 11142.3333333334, 1302.26666666667, 2413.73333333333, 2350.46666666666, 12314.3333333334, 4564.26666666666, 1266.06666666667, 2415.6, 5736.06666666666, 9987.46666666669, 5615.66666666666, 2401.93333333333, 4569.79999999999, 5475.13333333333, 14476.8666666668, 6763.79999999999, 5693.59999999999, 3432.2, 4473.33333333333, 1292.73333333333, 12359.6000000001, 4552.4, 4423.06666666666, 6808.73333333333, 5649.59999999999, 11156.9333333334, 2300.53333333333, 3324.06666666666, 1296.6, 7801.66666666665, 5715.46666666666, 14415.3333333334, 7851.79999999998, 15525.4666666668, 38721.933333333, 19813.7333333334, 14268.0666666668, 9842.86666666669, 17701.4666666668, 5711.99999999999, 26401.9999999999, 16532.6666666668, 31803.6666666663, 6798.86666666666, 36309.5999999997, 27665.5333333332, 10942.8000000001, 4417.06666666666, 17547.4666666668, 21042.6, 7839.99999999999, 20992.6, 23154.6, 15200.4000000002, 19903.9333333334, 18788.0000000001, 38556.533333333, 65896.266666666, 8874.66666666667, 49677.2666666662, 39419.9999999996, 6747.26666666666, 17755.2000000001, 
1301.26666666667, 1230.06666666666, 195.4, 4543.59999999999, 1215.66666666667, 1288.53333333333, 195.466666666667, 3490, 1256.26666666667, 2416.6, 1265.4, 1246, 1268.13333333333, 1292.66666666667, 203.4, 1244, 3491.2, 1260.06666666667, 2232.2, 2336, 1260.46666666666, 2321.13333333333, 2458.66666666666, 1255, 3433.4, 3383, 3341.33333333333, 1255.73333333333, 2293.93333333333, 2483.73333333333, 1240.73333333333, 3495.93333333333, 2474.2, 1399.33333333333, 2343.6, 1256.4, 4623.93333333333, 5687.46666666666, 2450.53333333333, 1335.06666666667, 2399.93333333333, 1317.73333333333, 1267.86666666667, 3628.6, 4533.26666666666, 2364.53333333333, 2413, 2424.66666666666, 1275.73333333333, 1296.93333333333, 4640.66666666666, 1269.73333333333, 1278.33333333333, 3520.2, 1287.86666666667, 3494.73333333333, 4624.13333333333, 2361.73333333333, 230.666666666666, 1307, 1271.6, 2412.06666666667, 2451.73333333333, 1298.8, 1261, 234, 2319.33333333333, 1306.06666666666, 1295.4, 2335.99999999999, 1324.86666666667, 1321.2, 2386.66666666666, 2363.13333333333, 2438.06666666666, 2393.06666666666, 249, 2457.06666666666, 3556.53333333333, 1309.06666666667, 1263.73333333333, 4587.26666666666, 3520.79999999999, 2293.53333333333, 1316.06666666667, 3483.93333333333, 2449, 2356.6, 2392.6, 1304.66666666667, 1255.33333333333, 3440.8, 2373.33333333333, 3480.33333333333, 1306.66666666667, 2393.06666666666, 2437.06666666667, 3558.06666666666, 2416.93333333333, 270, 3447, 1337.86666666667, 1298.73333333333, 1332.6, 4595.06666666666, 2442.53333333333, 271.933333333333, 3496.99999999999, 3488.06666666666, 3569.53333333332, 260.333333333333, 1307.2, 2516.86666666666, 2458.33333333333, 3564.13333333333, 244.4, 2291.73333333333, 1163, 2442.2, 2519.53333333333, 2470.46666666666, 1300.2, 3494.33333333333, 1260, 2406.66666666667, 
124.066666666666, 140.066666666667, 2393, 2235, 3351.4, 2268.6, 2231, 3412.13333333333, 1202.86666666667, 1231.46666666666, 3348.33333333333, 2283.93333333333, 3362.6, 1176, 1190.93333333333, 1177.66666666666, 1207.2, 1149.46666666666, 1248.46666666667, 2282.66666666667, 191.533333333333, 192.466666666667, 2247.06666666666, 5553.39999999999, 1200.66666666666, 3341.6, 3370.66666666666, 1178.4, 209.533333333333, 1276.13333333333, 2228.53333333333, 2343.8, 1261.06666666666, 2379.2, 1248.86666666666, 2289.13333333333, 2337.06666666666, 2318.53333333333, 3512.4, 1288.06666666666, 2372.66666666667, 3371.13333333333, 4443.86666666666, 1258.53333333333, 4485.06666666667, 1260.66666666667, 4600.99999999999, 3367.13333333333, 1291.33333333333, 2399.46666666666, 2358.73333333333, 1237.86666666667, 1279.13333333333, 2358.19999999999, 5727.26666666666, 2258.8, 1322.73333333333, 2287.73333333333, 1259.06666666667, 2325.99999999999, 2321.86666666666, 2383.13333333333, 2373.8, 3401, 1309.06666666667, 1262.86666666666, 2380, 1270.6, 1267.73333333333, 2433.46666666667, 2393.2, 2384.93333333333, 1305.26666666667, 1312.86666666666, 1296.4, 1280.4, 1252.33333333333, 2353.66666666666, 2379.13333333333, 1250.86666666666, 1299.66666666667, 1270.73333333333, 2437.06666666666, 1250.46666666667, 1226.6, 1307.26666666666, 4633.86666666666, 1283.8, 1277.73333333333, 1271.66666666666, 4580.06666666666, 3396.73333333333, 1233.86666666666, 1337.6, 1229.86666666667, 3496.06666666666, 1338.53333333333, 3442.13333333333, 3361.8, 1222.06666666666, 1269.46666666666, 3487.26666666667, 1287.26666666666, 1278.93333333333, 1233.13333333333, 3296.46666666666, 2405.53333333333, 1276.86666666666, 1251, 1233.46666666666, 2338.06666666666, 1261.26666666667, 1286.06666666667, 1255.46666666666, 3399.26666666667, 1258.33333333333, 4541.93333333333, 2394.73333333333, 3398.2, 1233.33333333333, 1209.4, 1235.4, 225.466666666667, 1280.33333333333, 2328.13333333333, 
203.133333333333, 2383.93333333333, 164676.933333342, 164487.600000008, 164815.266666675, 
162.733333333333, 1307.66666666667, 1234.33333333333, 1339.73333333333, 1286.73333333333, 1235.73333333333, 1322.46666666667, 1225.6, 1315.33333333333, 1249.66666666667, 3502.66666666666, 1283, 3470.93333333333, 1228.73333333333, 3486.66666666666, 1207.33333333333, 2310.33333333333, 1233.4, 1263.06666666667, 1269.33333333333, 1293.66666666666, 3491.2, 3547.6, 1292.73333333333, 1266.06666666666, 2361.6, 1260.8, 1213.33333333333, 2388.26666666667, 1215.33333333333, 2332.33333333333, 4628.66666666666, 1281.06666666667, 4586.8, 2402.93333333333, 2350.26666666666, 1231.93333333333, 1234, 1236.6, 1228.86666666666, 2388.66666666666, 1247.26666666667, 1266.93333333333, 1287.6, 1256.6, 3428.26666666666, 2427.66666666667, 5698.39999999999, 3482.79999999999, 2414.4, 2433.2, 2363.4, 1260.4, 1306.66666666667, 2343.66666666666, 1244.86666666667, 1261.2, 1270.66666666666, 1258.73333333333, 5746.93333333333, 3442.66666666667, 2397.26666666666, 1240.86666666667, 2369.53333333333, 1261.73333333333, 3419.93333333333, 1259.13333333333, 1273.73333333333, 1300.8, 2332, 1337.53333333333, 3475.73333333333, 1314.33333333333, 1289.06666666666, 1338.06666666666, 1239.86666666667, 2402.99999999999, 1230.46666666667, 1320.53333333333, 1347, 1255.6, 2402.66666666666, 1285.8, 1314.46666666666, 2428.33333333333, 1270.33333333333, 1268.53333333333, 1235.33333333333, 2408.53333333333, 1274.8, 1252.73333333333, 1289, 1208, 1254.46666666667, 1249.33333333333, 2388.26666666667, 3411.46666666666, 1257.53333333333, 2373.73333333333, 1282.06666666666, 2309.33333333333, 1314.06666666667, 1254.93333333333, 1269.33333333333, 1253.6, 1285.53333333333, 1270.66666666666, 1335.73333333333, 2322.4, 1259.73333333333, 1201.53333333333, 1316.6, 1271.06666666666, 1297.53333333333, 1285.86666666666, 1266.8, 1269.93333333333, 1273.2, 1319.93333333333, 1241, 1348.8, 1358.53333333333, 1322.26666666666, 1332.2, 1243.8, 
247.733333333333, 2380.06666666667, 3387.46666666666, 192.733333333333, 8936.13333333334, 207.266666666667, 4586.13333333333, 2387.2, 2434.66666666666, 5556.59999999999, 240.8, 3374.26666666666, 3483.73333333333, 2465.93333333333, 2313.93333333333, 3524.2, 2375.6, 2429, 1288.13333333333, 4543.33333333332, 3560.19999999999, 3489, 3597.8, 2367.73333333333, 1271.33333333333, 3416.33333333333, 1411.53333333333, 3436.06666666666, 2393.93333333333, 3542.26666666666, 1354.53333333333, 3576, 4577.66666666666, 2306.26666666666, 212.4, 3547.53333333333, 6976.26666666666, 3455.66666666667, 3425.8, 2393.53333333333, 2421.4, 2384.6, 3591.4, 3504.06666666666, 3475.06666666666, 3443.33333333333, 2418.6, 4607.46666666666, 1307.73333333333, 2296.2, 376.6, 1368.46666666666, 1344.26666666667, 2436.13333333333, 4622.06666666666, 1262.33333333333, 2463.33333333333, 4658.86666666666, 4501.86666666666, 3568.2, 3556.66666666667, 2217.53333333333, 4490.8, 1250.33333333333, 3380.33333333333, 2435.06666666667, 1248.13333333333, 1254.46666666666, 1269.2, 6768.79999999999, 1264.46666666666, 2334.66666666666, 2433.4, 2392.53333333333, 3478.93333333333, 3514.8, 4474.19999999999, 2362.66666666666, 1300.86666666666, 3435.73333333333, 2453.66666666666, 2338, 2325.66666666666, 1281.46666666666, 1320.8, 1290.8, 5685.99999999999, 2416.66666666666, 1266.66666666667, 2440.8, 2454, 2383.2, 2400.66666666667, 2477.53333333333, 1306.6, 5579.99999999999, 4444.33333333332, 2458.13333333333, 2365.93333333333, 1296.33333333333, 2407.46666666667, 2375.06666666666, 3398.33333333333, 2483.4, 1341.33333333333, 4571.6, 1348.73333333333, 2406.73333333333, 2442.26666666667, 3406.33333333333, 3544.73333333333, 2224.53333333333, 2462.93333333333, 1390.73333333333, 3478.8, 4556.13333333332, 2324.26666666666, 3452.99999999999, 5764.06666666666, 3484.73333333333, 2475.73333333333, 1335.13333333333, 1381, 3540.66666666666, 2370.53333333333, 
1305.06666666667, 2284.53333333333, 11082.6, 62915.7333333326, 25359.7999999999, 9896.73333333336, 13291.3333333334, 8928.86666666667, 2277.66666666666, 3505.46666666666, 14368.6666666668, 7923.79999999998, 6836.93333333332, 12431.8666666667, 5680.79999999999, 3603.86666666666, 6784.73333333332, 5790.19999999999, 8990.4, 2402.06666666666, 3507.73333333333, 13411.2666666668, 23358.2666666666, 48570.7333333329, 15549.1333333335, 26623.6666666665, 36480.8666666663, 39624.9333333329, 12404.3333333334, 5722.59999999999, 7973.13333333332, 15542.9333333335, 24347.2666666666, 3563.46666666666, 3537.46666666666, 6848.19999999999, 2463.4, 16601.2000000001, 17905.8666666668, 21034.4666666667, 19854.4, 27727.1333333331, 42269.733333333, 20030.8666666667, 12280.6000000001, 11197.7333333334, 40961.733333333, 23305.8666666666, 23381.1333333333, 6752.59999999999, 23360.8666666666, 3567.66666666667, 24491.4666666666, 10000.3333333334, 17781.4666666668, 10142.2, 17836.5333333334, 19969.6666666667, 39723.1333333328, 8991.13333333334, 30740.5999999997, 8994.53333333333, 16702.0666666668, 10039.8, 15661.7333333335, 18810.2666666667, 42997.1999999996, 59403.7999999995, 15692.6000000002, 46370.1333333329, 44131.333333333, 24448.3333333333, 33037.3999999997, 69370.9333333327, 91397.1999999982, 22137.2666666666, 45153.333333333, 100174.733333331, 72342.9333333324, 21148.5333333334, 59872.266666666, 82451.5333333319, 59481.7333333329, 64983.0666666661, 63010.7999999995, 4573, 96238.5333333314, 126387.066666663, 81644.5999999984, 39960.4666666662, 25552.9333333333, 424.866666666666, 3609.93333333333, 45408.3333333328, 67394.3999999993, 63766.3999999996, 47720.7999999995, 68392.1999999993, 85000.7333333318, 59550.8666666661, 32199.8666666664, 35469.933333333, 23271.2666666666, 79528.933333332, 30800.7333333331, 132397.599999997, 116776.199999997, 36527.4666666664, 94727.9999999978, 63845.5999999994, 86186.7999999985, 58487.266666666, 122129.866666664, 35112.733333333, 29950.4666666664, 44195.5999999997, 37619.4666666663, 95843.799999998, 122185.599999996, 80203.7999999987, 127779.266666663, 26490.7999999999, 37603.4666666663, 35317.7999999997, 112335.333333331, 
3379.8, 1210.26666666667, 4595.99999999999, 2432.73333333333, 2288.26666666666, 10026.9333333333, 4663.66666666666, 37332.6666666663, 26625.2666666665, 14427.6000000001, 15552.6000000001, 44113.7999999996, 6819.06666666665, 10223.4666666667, 10095.6, 46030.333333333, 18850.2666666667, 56206.3999999995, 12279.4000000001, 26481.5999999998, 15624.4666666668, 39584.7333333329, 23439.0666666666, 1412.2, 1385.6, 21244.4666666666, 30025.3999999997, 27588.3333333331, 164464.600000008, 164216.200000008, 97202.4666666644, 142580.066666667, 164758.266666675, 165653.933333342, 165332.466666676, 
235.4, 1186.26666666666, 1261, 3315, 1227.53333333333, 3432.4, 1303.66666666666, 1202.53333333333, 1253.66666666666, 2335, 2319.13333333333, 4528.26666666666, 2333.73333333333, 1214, 3547.99999999999, 1210.8, 3464.06666666666, 2405.33333333333, 2328.66666666666, 3401, 2374.93333333333, 4543.13333333333, 3430.4, 3356.33333333333, 1218.33333333333, 2380.4, 2392.73333333333, 1228.06666666667, 1219.46666666666, 1206.73333333333, 1237.2, 2295.73333333333, 1283.33333333333, 3495.6, 1246.13333333333, 3475.26666666666, 2402.93333333333, 2311.53333333333, 3439.66666666666, 2269.33333333333, 3458.8, 2339.46666666667, 3447.06666666666, 2365.13333333333, 1217.73333333333, 1187.06666666666, 3464.46666666666, 3494.26666666666, 1276.66666666667, 1203.06666666666, 3381.26666666666, 3400.2, 1275.06666666666, 3394.53333333333, 2358.73333333333, 4573.06666666666, 1231.4, 2412.86666666666, 2406.4, 1267.6, 2382.33333333333, 2235.4, 2315.86666666666, 3471.19999999999, 3489.13333333333, 3496.26666666666, 2237.46666666667, 1359.2, 3453.66666666667, 1213.8, 1318.53333333333, 2410.86666666666, 1275.8, 1300.53333333333, 7938.99999999998, 1268.26666666666, 3453.06666666666, 1239.86666666667, 1226.8, 2402.66666666666, 1299, 1264.6, 1290.73333333333, 2292.2, 2447.6, 1184.4, 1219.8, 1181.4, 4563.73333333333, 1200.66666666667, 1227.73333333333, 2438.73333333333, 1225.06666666667, 2398.46666666666, 1215.13333333333, 3469.2, 3463.73333333333, 4510.4, 2340.86666666666, 2279.8, 1213.4, 1227.13333333333, 2346, 2348.66666666666, 1203.06666666667, 2390.33333333333, 2341.66666666666, 1248.2, 1287, 1271.06666666667, 1281.2, 2328.8, 3516.13333333333, 2303.8, 1293.93333333333, 1221.06666666667, 3439.4, 2394.53333333333, 2375.13333333333, 2285.2, 1298.73333333333, 1341.73333333333, 2416.66666666667, 1254.53333333333, 1307.86666666667, 

