1111.16666666667, 4471.83333333333, 8998.91666666666, 55116.2500000005, 5772.5, 1204.08333333333, 138692.499999998, 163905.083333334, 35258.2499999999, 48399.3333333336, 164707.916666667, 164085.500000001, 164586.750000001, 
179.916666666667, 3359.58333333334, 4451, 148776.666666666, 26336.6666666666, 2354.5, 9054.16666666666, 32220.7499999997, 128129.083333331, 164233.416666667, 164330.916666668, 117853.666666665, 97612.0833333321, 127850.749999998, 85220.9166666663, 30851.2499999998, 54762.5833333338, 162996.416666667, 67746.0833333339, 163071.5, 163634.75, 163272.250000001, 
75.25, 58969.833333334, 33972.3333333332, 6755.33333333333, 36343.5833333332, 17968.0833333334, 47255.5000000003, 163987.750000001, 64534.5833333341, 164019, 112657.916666664, 165182.166666667, 164848.833333334, 146444.833333332, 164212.083333334, 34085.7499999999, 164172.083333334, 163521.25, 164047.583333334, 
1159.08333333333, 147.083333333333, 204, 64657.8333333341, 109572.416666665, 164572.083333334, 113868.916666665, 164415.833333334, 164327.166666667, 103436.999999999, 164120.083333334, 48561.7500000002, 163512.000000001, 75901.9166666668, 164463.833333334, 146226.083333332, 160110.666666667, 164571.333333334, 75655.7500000001, 164340.083333334, 117384.916666664, 155372.75, 164832.500000001, 33019.7499999998, 164727.500000001, 164807.083333334, 164465.000000001, 
179.083333333333, 150.25, 1202.08333333333, 1236.91666666667, 53749.5833333338, 164356.750000001, 164088.333333334, 71385.2500000005, 162959.75, 129468.666666664, 132626.83333333, 74005.0000000003, 6827.74999999999, 29071.9999999999, 16661.75, 9310.83333333333, 18369.3333333334, 18041, 81301.6666666664, 21619.9166666666, 5852.33333333333, 14786.6666666667, 10510.9166666667, 26934.4999999999, 9227.99999999999, 51208.5000000003, 21522.4166666666, 71191.5000000006, 74576.6666666668, 69367.5000000006, 85372.0833333327, 46025.916666667, 35199.3333333332, 33819.4166666665, 24621.3333333332, 43725.3333333335, 4758.83333333334, 13620.0833333334, 37015.4166666666, 30480.4999999998, 18099.3333333334, 16806.5, 21940.2499999999, 4768.66666666667, 10373.6666666667, 8183.49999999999, 27399.4166666665, 19101, 37837.4166666666, 57828.9166666674, 9173.33333333333, 17167.3333333334, 62457.5833333343, 44577.7500000002, 24963.8333333332, 45059.4166666669, 28601.8333333331, 10088.75, 164931.916666668, 14681.25, 28806.8333333331, 10324.9166666667, 28077.5833333332, 88807.4166666658, 51875.9166666671, 163223.25, 51346.9166666669, 135633.333333331, 164461.666666667, 112251.666666664, 107843.166666665, 164395.833333334, 164150.416666667, 17870.4166666667, 164367.083333334, 85234.9999999995, 84440.7499999996, 163563.416666667, 101592.833333332, 164220.416666667, 127230.33333333, 29278.0833333332, 31359.1666666665, 46920.0833333335, 31412.0833333332, 14624.5833333334, 42697.9166666667, 43312.4166666668, 27139.4999999999, 10317.0833333333, 51544.7500000003, 23602.2499999999, 13724.25, 21335.75, 15790.75, 17018.5833333334, 65687.0000000006, 30288.4166666665, 28957.4166666666, 163735.500000001, 163006.333333334, 37343.8333333333, 151912.833333333, 163907.916666667, 164375.500000001, 164589.250000001, 
1189, 182.833333333334, 3385.83333333334, 7888.66666666665, 47158.9166666669, 39506.4166666667, 163942.916666667, 100060.666666665, 164454.666666668, 164552.583333334, 164049.166666667, 
2399.91666666667, 4499.5, 11077.4166666667, 8942.91666666665, 7814.49999999999, 164526.250000001, 141260.166666665, 164926.666666667, 164556.666666667, 26297.8333333332, 164817.500000001, 121547.499999997, 164657.500000001, 3425.58333333334, 126217.416666664, 163425.500000001, 163230.000000001, 163809.666666667, 
135.333333333334, 136.166666666667, 2482, 10979.5, 1311.08333333333, 12172.5, 10015.75, 24354.4999999999, 39526.8333333334, 43883.7500000001, 5791.5, 24798.4166666666, 15788.6666666667, 13512.5833333334, 10312, 33562.8333333332, 164047.083333334, 163348.416666667, 163836.666666667, 
46115.3333333336, 28505.9166666665, 163859.166666667, 150442.416666666, 53684.7500000003, 163807.083333334, 85408.9999999997, 164022.500000001, 163581.750000001, 138551.583333331, 163728.750000001, 119680.166666664, 164470.250000001, 164194.000000001, 164271.750000001, 
131.583333333333, 164, 1265.83333333333, 11956.5833333334, 16664, 16435.75, 164279.666666667, 164181.333333334, 163326.75, 
10137.0833333333, 1366.16666666667, 16652.0833333334, 1347.83333333333, 18914.5833333333, 163985.500000001, 163731.666666667, 164155.083333334, 
190.75, 1301.33333333333, 1306.16666666667, 24349.8333333332, 127805.33333333, 163748.833333334, 163771.666666667, 120615.749999997, 1347.91666666667, 163288.000000001, 139478.833333332, 163838.000000001, 128962.33333333, 163881.750000001, 164357.083333334, 163782.916666667, 
62911.5000000007, 12296.5833333334, 9027.99999999999, 80210.9166666666, 13445.3333333334, 73307.7500000002, 80244.1666666666, 164324.583333334, 32967.4999999998, 164134.250000001, 99081.0833333321, 164588.000000001, 164385.833333334, 58202.4166666673, 141523.749999998, 84470.333333333, 164486.666666667, 1321.16666666667, 164208.750000001, 79027.9999999999, 164159.750000001, 58217.3333333338, 164140.5, 164094.166666668, 164057.916666668, 
208.583333333333, 3530.33333333334, 3615.91666666667, 1089.08333333333, 6854.16666666666, 13388.8333333334, 12153.75, 33011.9166666664, 164309.166666668, 65991.9166666675, 156284.916666667, 95269.9166666657, 142479.749999998, 164235.000000001, 164452.166666667, 85899.4166666662, 133469.916666664, 164200.833333334, 164283.416666667, 153082.75, 163912.916666667, 164721.666666667, 164000.500000001, 
35114.9999999999, 163740.000000001, 163655.083333334, 59299.5000000005, 73377.416666667, 163885.416666667, 164536.750000001, 3596.66666666667, 23419.1666666666, 163993.000000001, 50461.5000000004, 163811.250000001, 164462.583333334, 164219.250000001, 
163152.083333334, 1346.75, 163556.750000001, 56999.0833333338, 163975.833333334, 164327.583333334, 39740.0000000001, 163228.416666667, 76281.4166666668, 164102.166666667, 163638.75, 163277.083333334, 
1362.41666666667, 14354.3333333334, 23428.5833333333, 18898.6666666667, 164027.583333334, 164891.333333334, 164098.333333334, 
1173.33333333333, 2255.33333333333, 3382.91666666667, 5447.99999999999, 4535.16666666667, 9086.91666666666, 162977.083333334, 7970.58333333332, 17714.0833333334, 133994.08333333, 33236.2499999998, 40695.4166666667, 60777.4166666674, 34410.9999999998, 69911.166666667, 163575.916666667, 105296.499999999, 141027.583333332, 164740.000000001, 150754.083333333, 164177.583333334, 52939.0833333337, 93734.2499999989, 99802.1666666652, 132787.249999997, 164450.083333334, 164412.083333334, 163533.750000001, 
1129.91666666667, 1292, 1297.08333333333, 9022.49999999999, 4536, 18918.8333333333, 7918.41666666666, 19917.6666666666, 8996.24999999999, 164268.000000001, 34314.3333333332, 79556.75, 41102.0833333334, 164012.583333334, 164187.500000001, 164476.333333334, 
89335.3333333324, 36541.1666666666, 163745.083333334, 107231.249999999, 164846.750000001, 163547.083333334, 164743.833333334, 
155.333333333333, 1354.33333333333, 19798.5833333333, 247.666666666667, 47376.5000000003, 163626.250000001, 116656.499999998, 163764.583333334, 164492.583333334, 163468.000000001, 
1257, 30737.8333333332, 14248.5833333334, 164477.666666668, 36275.9999999999, 163530.916666667, 163620.416666667, 124625.666666663, 163784.250000001, 164999.583333334, 164256.333333334, 
20819.8333333333, 103091.249999999, 8847.83333333333, 55664.5000000004, 91693.3333333328, 57502.4166666671, 61708.3333333342, 123091.583333332, 162883.333333334, 163647.916666667, 163916.750000001, 
187.416666666667, 193.25, 69359.833333334, 61459.0833333341, 164345.500000001, 128761.166666663, 24236.0833333332, 29612.4999999999, 164374.666666668, 164158.000000001, 164162.916666667, 
3287.16666666667, 1147.08333333333, 1172.41666666667, 2256.08333333333, 245.916666666667, 256.916666666667, 5724.58333333333, 28715.7499999999, 64759.8333333341, 54719.416666667, 92223.3333333324, 141308.249999998, 164952.083333334, 163782.583333334, 165245.833333334, 
255.5, 39263.0833333333, 46253.8333333335, 47872.1666666669, 163988.833333334, 85248.3333333329, 89038.2499999993, 108512.833333332, 164773.333333335, 163638.750000001, 164780.500000001, 
2247.83333333333, 1348.66666666667, 6886.16666666666, 7876.41666666666, 21908.25, 13189.8333333333, 18994.8333333333, 53735.2500000004, 37600.3333333333, 164145.083333334, 164245.416666667, 163882.083333334, 
1079.16666666667, 3506.08333333334, 25116.9999999999, 11239.5, 102150.666666665, 131639.499999997, 102485.416666665, 164525.500000001, 164248.000000001, 165084.583333334, 
212.166666666667, 38621.6666666667, 4714.33333333333, 163501.25, 163620.916666667, 163331.666666667, 
51890.3333333337, 290.75, 163910.500000001, 97504.1666666655, 141315.749999999, 164268.750000001, 163827.166666667, 32198.9999999997, 93322.4999999991, 79336.7499999999, 164352.916666667, 6880.74999999999, 90950.166666666, 164350.916666667, 152959, 164839.666666668, 164126.666666667, 101763.999999999, 164653.833333334, 163920, 164789.583333334, 

