1334.33333333333, 163785.666666675, 164331.533333341, 78311.0666666655, 13393.5333333334, 147423.066666668, 164089.000000009, 36375.533333333, 3457.2, 164760.866666675, 40960.3999999996, 2432.13333333333, 50112.9999999995, 100423.466666664, 163088.933333341, 109763.53333333, 85788.5333333315, 164576.933333342, 25336.1333333332, 24396.1999999999, 71835.7333333322, 93892.9999999983, 164025.000000009, 106311.399999997, 163275.133333342, 42179.3999999996, 153390.733333337, 42929.6666666662, 129998.066666663, 142928.666666667, 134706.999999997, 77435.4666666655, 156711.466666672, 128623.533333328, 163633.466666675, 132809.266666663, 116971.73333333, 108806.53333333, 74643.3333333323, 130924.333333328, 163460.533333341, 9016.6, 163955.200000009, 107696.93333333, 141456.066666666, 48446.7999999996, 163853.200000008, 164401.600000009, 164241.333333342, 
1368.73333333333, 98107.866666664, 54280.066666666, 37682.6666666663, 86482.5999999983, 64330.3333333327, 164027.000000008, 164654.000000008, 164192.333333342, 
163365.600000008, 47181.9999999996, 164389.933333341, 164852.600000009, 165556.200000009, 
4499.93333333333, 163537.266666674, 164046.933333342, 164336.800000008, 
12254.4666666667, 163409.933333341, 140248.4, 163916.866666675, 164336.933333342, 165382.933333342, 
164189.933333342, 164228.000000008, 164410.333333342, 
163325.600000008, 162868.933333341, 164633.933333342, 
112614.666666663, 153831.066666671, 163906.000000008, 164208.333333342, 164929.266666675, 
7873.66666666665, 66435.3999999993, 165857.600000008, 165117.133333342, 165906.933333342, 
114.8, 5696.39999999999, 122339.73333333, 1403.6, 73033.399999999, 165261.200000009, 150730.333333337, 94721.9999999981, 159318.000000006, 164803.266666675, 165093.666666675, 95904.0666666644, 165142.200000008, 165213.133333341, 163937.866666674, 11392.9333333334, 164735.600000009, 165241.600000009, 125196.066666663, 165131.266666676, 146506.133333336, 92388.8666666648, 3510.93333333333, 58548.0666666661, 116725.666666663, 164862.000000008, 57277.2666666661, 36434.8666666663, 165265.266666676, 165123.600000008, 127375.93333333, 164970.666666674, 164561.933333342, 86999.7999999986, 39758.5999999996, 165489.933333342, 165363.266666675, 165073.000000008, 
163218.333333341, 163780.133333342, 163980.000000009, 
102535.733333331, 56878.5333333327, 165734.266666675, 164340.600000008, 164024.333333342, 
163530.000000008, 163714.266666675, 164049.600000008, 
163546.666666675, 163325.933333342, 10194.8666666667, 15751.4666666668, 13558.4666666668, 19954.0666666667, 32045.733333333, 39835.5333333329, 69576.8666666658, 163946.933333341, 98846.3333333305, 163403.666666675, 150373.733333336, 10159.4, 163044.933333341, 25601.4666666666, 129684.933333329, 107645.13333333, 154213.266666672, 55187.7333333328, 134233.399999997, 164463.666666675, 105109.73333333, 164429.333333342, 163721.600000009, 163633.266666675, 
41823.6666666663, 18980.3333333334, 15543.2000000002, 164892.600000008, 165364.266666676, 165372.266666675, 
40096.5333333329, 124886.866666663, 154591.066666671, 163639.266666675, 165745.666666675, 145241.866666667, 164226.000000008, 163437.133333341, 164366.266666675, 
163844.000000008, 163849.533333342, 163965.266666675, 
73612.9999999991, 70178.1333333325, 88252.5999999984, 163474.333333341, 163556.266666675, 165433.266666675, 
125182.466666663, 20993.3333333333, 164739.933333341, 164732.333333341, 164712.000000009, 
163863.600000008, 164149.000000008, 163572.200000008, 
163164.266666675, 52692.9999999996, 164102.600000009, 163847.333333342, 166438.733333345, 
261.933333333333, 20282.7333333334, 169523.733333346, 170003.06666668, 49472.7333333329, 164773.933333341, 165527.333333342, 165568.266666675, 
128277.333333328, 163474.933333341, 163531.333333341, 164059.666666675, 
147.733333333333, 163089.000000008, 163384.666666675, 163356.000000008, 
163670.533333341, 163867.933333342, 164017.000000009, 
3421, 75883.7333333322, 163188.333333341, 163073.000000008, 163410.000000008, 
163270.133333341, 163243.000000008, 166154.733333345, 
168594.066666679, 168891.06666668, 37773.6666666664, 165003.066666675, 164431.666666675, 164938.933333341, 
152591.400000004, 28835.1333333332, 26537.3333333332, 147825.133333336, 40717.7333333329, 163888.666666675, 164205.600000009, 163747.333333341, 
163822.600000008, 163606.933333342, 163849.000000008, 
208.066666666667, 22163.6, 41782.1333333329, 30941.4666666664, 26507.2666666665, 13305.5333333334, 55093.1333333329, 37410.7999999996, 36517.7999999997, 48412.9999999997, 18757.5333333334, 53933.0666666662, 29927.5333333331, 18801.9333333334, 73749.3999999989, 48425.1999999997, 148329.666666669, 127304.399999996, 52930.7333333328, 86873.1333333317, 27646.0666666665, 1301.26666666667, 61922.1333333328, 19884.6, 27714.1999999998, 18897.8666666667, 13399.8000000001, 39826.9999999996, 33173.9333333331, 45423.3999999996, 164906.000000008, 56102.3333333328, 29852.7333333331, 31064.4666666664, 35331.9999999997, 34133.3999999997, 66173.7999999993, 108659.999999997, 70836.6666666659, 17856.4000000001, 74794.999999999, 92579.2666666647, 44122.3999999996, 84549.7999999983, 95850.3333333315, 165467.933333343, 108830.466666664, 134376.733333331, 164959.866666675, 23273.7333333333, 165842.333333342, 165937.200000008, 165062.666666674, 
44901.0666666662, 164267.266666675, 164060.333333342, 164004.266666675, 
3560.8, 3500.73333333333, 1324.66666666667, 131.533333333333, 2235.26666666666, 2434.8, 10888.2666666667, 21223.2666666667, 64586.3999999995, 164195.666666675, 163973.000000008, 163606.333333341, 
162.4, 198.733333333333, 2270, 1189.4, 18867.0666666667, 14384.1333333335, 13185.9333333334, 2297.53333333333, 18462.2000000001, 81193.9999999986, 49598.7999999995, 80187.0666666654, 126570.866666662, 163042.000000008, 71682.799999999, 164018.266666675, 165543.600000008, 164114.466666675, 
130.733333333333, 28950.1333333331, 35436.7333333331, 51923.0666666661, 31109.0666666664, 153763.400000004, 163344.266666675, 164000.600000008, 163912.600000008, 
121.666666666666, 2363.66666666666, 34139.4666666663, 164909.600000008, 3564.26666666666, 30923.6666666664, 163761.333333342, 164701.333333342, 164652.000000007, 
151.333333333333, 2320.93333333333, 4440.93333333332, 1275.06666666667, 1335.46666666666, 164324.733333342, 164779.266666675, 164306.333333342, 
12190.4000000001, 143308.733333333, 163748.866666675, 164331.666666675, 164288.333333342, 
1142.6, 193.933333333333, 7929.79999999999, 5809.46666666666, 164061.600000008, 164838.600000008, 164955.266666675, 
90.7333333333332, 1244.8, 4498.59999999999, 8024.73333333332, 164636.866666675, 70468.0666666659, 165214.000000008, 165583.666666675, 164984.333333342, 
252.733333333333, 2275.4, 2265.4, 58286.7999999994, 163698.266666674, 164661.666666675, 163522.666666675, 
2182.26666666666, 17464.9333333335, 85947.3333333319, 57248.3999999995, 153243.466666671, 62204.6666666663, 47336.6666666662, 164864.333333342, 163882.266666675, 128359.666666663, 124766.666666662, 164208.933333342, 30103.7333333331, 111282.399999997, 65566.0666666664, 163958.466666675, 164392.866666675, 164330.933333342, 
21076.4666666667, 3581.4, 47525.0666666662, 163719.600000008, 163820.333333341, 49582.7999999995, 57360.7999999994, 141771.933333333, 165959.533333342, 164510.600000009, 164906.266666675, 
4491.73333333333, 43009.3999999996, 13352.6666666668, 11109.6666666667, 41568.0666666663, 164402.000000008, 43984.1999999996, 115021.53333333, 127367.399999996, 164014.600000008, 163291.933333341, 165161.000000009, 
147.4, 138.066666666667, 1113, 20677.5333333334, 1248.2, 5602.33333333332, 26276.1999999999, 58962.7999999996, 164931.666666675, 164416.000000008, 165340.000000008, 
121.4, 153204.533333337, 163696.266666675, 163859.866666675, 163971.933333342, 
1318, 2331.8, 7859.99999999999, 48360.4666666662, 165151.666666675, 164845.000000008, 164995.600000008, 
1112, 222.333333333333, 165250.866666675, 165045.933333342, 165440.933333342, 
2160.46666666666, 21840.6666666667, 162756.666666675, 163652.933333341, 110750.33333333, 163366.200000008, 163994.933333342, 162061.333333341, 163906.800000008, 163737.400000008, 91025.9999999978, 164010.333333342, 163524.333333341, 163995.800000008, 
85749.066666665, 14473.4666666668, 43032.6666666663, 27840.6666666665, 126890.399999997, 7949.99999999999, 164214.666666675, 164107.933333342, 164582.533333342, 
255.4, 61119.933333333, 30447.6666666664, 156457.666666672, 164729.933333341, 164499.866666675, 164572.266666675, 
1152.73333333333, 3317.66666666666, 8981, 5753.39999999999, 28787.9333333331, 163720.933333341, 36286.3999999996, 163436.933333342, 55115.3999999994, 163246.666666674, 163659.000000008, 164055.333333342, 
121.666666666666, 1306.06666666667, 165, 12242.3333333334, 99421.9333333306, 70091.3999999993, 164343.933333342, 165128.200000008, 164927.266666674, 
136, 169.733333333333, 1313.13333333333, 52083.5999999997, 20955.5333333333, 33699.3333333329, 34344.333333333, 147368.200000002, 163423.600000008, 163783.666666675, 101722.866666664, 164663.000000008, 25471.7999999999, 164090.466666675, 164642.666666675, 164086.266666675, 
3559.66666666666, 197.4, 163804.266666675, 163795.933333342, 163872.333333342, 
226.066666666667, 3316.66666666666, 163610.600000008, 164098.666666675, 164168.533333341, 
66828.1333333329, 163896.600000009, 99888.1333333309, 9075.73333333334, 92748.1333333315, 46440.6666666662, 50609.8666666662, 163227.000000008, 4649.93333333333, 73099.3333333323, 49195.733333333, 163483.666666675, 76918.3333333322, 164713.600000008, 164297.066666675, 164416.333333342, 
113.6, 25414.7333333332, 10051.0666666667, 164455.933333342, 164540.533333341, 163762.666666675, 
97.6, 132.266666666667, 1355.53333333333, 3249.26666666666, 165226.333333342, 165042.000000008, 164652.933333342, 
6620.73333333332, 2258.8, 4548.86666666666, 2393.4, 164392.533333341, 115181.466666663, 164115.266666675, 57288.3999999995, 165845.266666675, 165341.866666675, 150337.600000003, 164085.933333342, 164059.000000008, 164201.533333342, 
189.066666666667, 1327.06666666667, 1305.26666666667, 1228.26666666666, 1213.73333333333, 194.933333333333, 2386.4, 2388.66666666666, 1288.66666666667, 2413.73333333333, 1260.66666666667, 1312.73333333333, 3449.86666666666, 2456, 1248.4, 1283, 2398, 2395.66666666667, 3567.13333333333, 2400.66666666666, 1216.66666666666, 1272.66666666667, 1335.66666666667, 1307.66666666667, 2431.4, 3462.26666666667, 1258.86666666667, 2400.6, 1288.33333333333, 1245.8, 2451.73333333333, 3498.99999999999, 1286.8, 1251.4, 2387.4, 1228.73333333333, 2368.93333333333, 1261.93333333333, 2397.33333333333, 1299.53333333333, 1356.46666666667, 1431.73333333333, 1422.33333333333, 1298.2, 1250.46666666667, 1329.66666666666, 1337.13333333333, 3464.93333333333, 1257.06666666666, 1238.26666666667, 1238.93333333333, 1222.46666666666, 1316.93333333333, 1250.4, 1371.33333333333, 1253.06666666666, 1281.73333333333, 1262.2, 2413.86666666666, 2363.6, 1333.8, 1288.13333333333, 2447.2, 1236.4, 4611.53333333333, 2465.33333333333, 1255.93333333333, 1248.86666666666, 1346.2, 1291.73333333333, 1382.53333333333, 3494.8, 1301.06666666666, 1276.26666666666, 1301.8, 1250.13333333333, 3443.93333333333, 1255.53333333333, 2413.2, 1247.06666666666, 1224.73333333333, 2402.73333333333, 1230.6, 1316.66666666666, 1311.66666666666, 2415.4, 3505.06666666666, 1173.73333333333, 1246.93333333333, 3501, 1355.73333333333, 1329.13333333333, 1197.4, 1363.8, 3502.86666666667, 1244.06666666666, 1230.33333333333, 2383.4, 1318, 1247.66666666666, 1288.66666666666, 1276.33333333333, 3518.39999999999, 1300, 1331.93333333333, 1238.73333333333, 1292.06666666666, 1225, 4634.6, 1288.33333333333, 2364.73333333333, 2329.26666666667, 1307.66666666667, 2384.4, 1290.73333333333, 2390.4, 1217.66666666667, 2342.33333333333, 2376.73333333333, 1242.06666666667, 1321.06666666667, 2427.6, 1314.66666666667, 1219.33333333333, 1299.73333333333, 
161.733333333333, 242.066666666667, 1329.4, 2353.66666666667, 1178.06666666667, 1245.33333333333, 1278.4, 1224, 1233.06666666666, 1238, 1233.8, 1194.73333333333, 3488.33333333333, 2401, 1304.73333333333, 1223.4, 2320.66666666667, 1203.06666666667, 1240.4, 2306.53333333333, 1341.2, 1317.8, 3563.26666666667, 2460.86666666666, 1295.26666666666, 1314.4, 3500.6, 1282.86666666666, 1301, 1280.2, 1252.26666666667, 1266.86666666666, 1194.53333333333, 2440.99999999999, 2383, 1266.86666666666, 2327.26666666666, 1255.53333333333, 1319.06666666666, 2413.66666666667, 1405.46666666666, 2412, 2386.26666666667, 1203.86666666666, 2383.06666666666, 1274.46666666666, 2372.13333333333, 1272.06666666666, 1206.2, 6892.39999999999, 1269.6, 278.466666666667, 3589.93333333333, 2360.13333333333, 6898.19999999998, 2466.86666666666, 1384.13333333333, 1280.86666666666, 1257.93333333333, 3463.4, 1237.13333333333, 2393.53333333333, 1302.4, 1369.86666666666, 1309.26666666666, 2431.66666666667, 1339.53333333333, 2442, 2400.26666666666, 1311.13333333333, 1273.66666666666, 1248.86666666666, 2363.86666666666, 2409.4, 1235.66666666666, 330.133333333333, 1232.26666666666, 326.066666666667, 1258.46666666667, 1202.53333333333, 1363.06666666666, 1321.33333333333, 1232.6, 2285.53333333333, 1267.66666666666, 1205.53333333333, 1253.93333333333, 2470.93333333333, 2460, 3522.6, 1283.13333333333, 2379.46666666666, 2269.93333333333, 1185.13333333333, 1345.66666666666, 1232.93333333333, 1234.6, 2459.06666666666, 1294.93333333333, 1276.33333333333, 1370.6, 1378.6, 2513.93333333333, 2444.53333333333, 1235.06666666666, 1364.73333333333, 2287.53333333333, 2300.06666666666, 2445.13333333333, 1271.46666666667, 2367.6, 2424.4, 1322.93333333333, 1311.8, 1367.93333333333, 3515.19999999999, 1318.93333333333, 4543.93333333332, 1306.93333333333, 2373.33333333333, 3595.93333333333, 3491.26666666667, 1218.93333333333, 2309.66666666667, 1264.26666666667, 
4439, 1304.66666666666, 2330.33333333333, 2416.06666666666, 1303.73333333333, 2308.06666666666, 1268.46666666666, 1193.33333333333, 1239, 1362.26666666667, 2423.6, 2427.06666666666, 1236.86666666666, 1253.4, 3501.6, 1268.4, 1284.73333333333, 1238.33333333333, 1303.66666666666, 1225.66666666666, 1338.53333333333, 1223.33333333333, 3507.46666666666, 2404.66666666666, 1258.33333333333, 2361.4, 3498.33333333333, 1225.4, 1309.33333333333, 1229.06666666667, 1210.73333333333, 1255.06666666667, 1240.66666666666, 219.733333333333, 1319.73333333333, 229.133333333333, 2400.93333333333, 1270.4, 1275.06666666667, 2349, 1305.73333333333, 1226.13333333333, 1222.86666666667, 1263.66666666667, 1236, 237.133333333333, 1259.53333333333, 2385.73333333333, 3496.46666666666, 224.4, 244.133333333333, 1348, 1291.93333333333, 2389.86666666667, 2408.33333333333, 1296.6, 1268.4, 277.333333333333, 263.2, 2370.13333333333, 1260.13333333333, 1362.6, 1325.73333333333, 2437.73333333333, 1260.33333333333, 1232.86666666666, 220.066666666667, 2475.53333333333, 2403, 273.666666666667, 2386.8, 252.133333333333, 1274.06666666666, 1387.46666666666, 1233.73333333333, 3583.6, 2401.46666666667, 277.066666666666, 264.6, 1272.93333333333, 2307.26666666666, 1394, 237.466666666667, 3498.59999999999, 286.533333333333, 1299.73333333333, 1198.66666666667, 1331.66666666666, 2341, 2440, 231.133333333333, 1270.4, 1240.2, 234.8, 233.8, 1232, 1274.46666666667, 2447.33333333333, 271.933333333333, 2372.93333333333, 1245.46666666666, 1280.93333333333, 1280.26666666666, 1234, 267, 1234.06666666667, 1387.46666666666, 1312.53333333333, 1322.73333333333, 2354.06666666666, 1333.2, 1229.86666666667, 3412.93333333333, 1257.8, 277.2, 2410, 1313.06666666667, 1342.26666666666, 1234.8, 1289.86666666667, 240.8, 2380.86666666667, 241.466666666667, 1236.26666666667, 292.4, 
2346.33333333333, 2381.46666666667, 1255.66666666666, 1358.13333333333, 1264.93333333333, 2242.66666666666, 1240.93333333333, 1282.13333333333, 1262.06666666667, 3516.26666666667, 3319.06666666666, 1312.33333333333, 2375, 2305.73333333333, 3515.66666666667, 3509.4, 4537.66666666666, 1253.73333333333, 3419.33333333333, 3466.06666666666, 3385.8, 4602.99999999999, 1255.13333333333, 1307.13333333333, 4663.19999999999, 1330.6, 2399.26666666667, 1300.33333333333, 1290.66666666666, 5753.33333333333, 1279.73333333333, 3523.93333333333, 2472.93333333333, 48229.6666666663, 163982.533333342, 163255.600000008, 77753.8666666654, 163976.333333342, 164788.133333342, 163956.266666675, 
1135.06666666666, 2310.33333333333, 3460.73333333333, 3497.06666666666, 2408, 4549.86666666666, 3483.93333333333, 3501.26666666666, 1223.73333333333, 3490.4, 2361.66666666666, 1294.6, 1332.8, 2450.4, 1321.6, 2362.8, 1211.06666666667, 1298.66666666666, 1339.2, 2276.66666666667, 2403.33333333333, 1329.53333333333, 2413.6, 2325.2, 2294.66666666667, 2276.46666666666, 1289.53333333333, 1238.6, 1266.53333333333, 1236.93333333333, 2383.6, 1244.8, 1322.2, 3440.6, 1251, 2382.2, 1241.13333333333, 2348, 2405.53333333333, 1208.46666666666, 2460.46666666666, 1331.33333333333, 4593.33333333333, 4612.2, 2406.26666666666, 1328.8, 1254.06666666667, 2456.66666666666, 2443.53333333333, 8042.33333333332, 2336.73333333333, 1299.46666666666, 1286.53333333333, 2464.53333333333, 5725.19999999999, 1440.8, 2397.66666666667, 1238, 1257.4, 2359.33333333333, 1299.73333333333, 1290.66666666666, 1259.2, 1345.66666666667, 2436.2, 333.466666666667, 1245.8, 1286.86666666666, 1271.53333333333, 1360, 2270, 1272.26666666666, 1273.73333333333, 1262.53333333333, 2450.66666666666, 2426.93333333333, 3560.4, 3572.46666666666, 2434.2, 1307.26666666666, 1294.8, 3505.8, 2417.46666666666, 2447.86666666666, 1281.66666666667, 1252.8, 1294.86666666666, 2363.06666666667, 2364.26666666666, 1267.66666666666, 2429, 1237.73333333333, 1296.06666666666, 2347.8, 2372.4, 1367.86666666667, 3489.6, 1358.66666666667, 1245.06666666667, 1296.46666666667, 3519.93333333333, 1251.2, 2455.86666666666, 1276.46666666666, 2476.2, 1331.53333333333, 1279.46666666667, 1275.06666666666, 1270.6, 1300.93333333333, 3546.53333333333, 1280.93333333333, 1235.66666666666, 1249.66666666666, 2385.86666666666, 1239.4, 2413.4, 2411.06666666666, 1328.26666666666, 3473, 1319.4, 1285.73333333333, 3440.13333333333, 1251.33333333333, 2410.06666666666, 
4673.26666666666, 3466.66666666666, 6838.66666666665, 6886.26666666665, 6813.79999999998, 24378.4666666666, 11156.1333333334, 7853.33333333331, 1355.33333333333, 1419.6, 7863.13333333331, 17754.6000000001, 3497.6, 24338.1999999999, 37447.6666666663, 82139.3999999986, 41794.8666666663, 44026.5333333329, 61650.1999999995, 26499.7333333332, 78434.1333333321, 67599.1333333329, 163467.666666675, 163450.266666675, 164364.933333341, 
260.333333333333, 4625.66666666666, 3494.33333333333, 2337, 4652.33333333333, 2367.66666666666, 3546.2, 3501.2, 3369.73333333333, 3421.73333333333, 1261.33333333333, 1270.4, 1250.33333333333, 1243.06666666667, 1212, 2394.2, 2283.53333333333, 1226.33333333333, 2409.26666666666, 1268.73333333333, 1215.73333333333, 245.666666666667, 1233.4, 1217.73333333333, 1264.66666666666, 2392.2, 2448.93333333333, 1200.4, 1333.6, 2391.26666666666, 2446.06666666666, 1257.73333333333, 2485.4, 1267.33333333333, 3472.93333333333, 1309.33333333333, 2404.13333333333, 1245.33333333333, 3514.13333333333, 1210.33333333333, 1232.8, 1262.4, 277, 276.533333333333, 236.133333333333, 1335.6, 1207.06666666667, 1242.4, 1253.13333333333, 2351.86666666666, 2384.66666666667, 1349, 1248.46666666666, 1255.06666666667, 2351.2, 1245.66666666667, 265.8, 1278.13333333333, 1212.93333333333, 1242.26666666667, 1257.73333333333, 4531.59999999999, 234.133333333333, 1241.4, 1271, 2392.6, 1243.26666666667, 1324.33333333333, 1226.6, 1336.13333333333, 1219.6, 3445.06666666666, 1243.13333333333, 2332.8, 1260.6, 1115.2, 270.6, 1206.06666666667, 213.2, 3428.33333333333, 1213.4, 2355.6, 1265.26666666667, 207.066666666666, 2365.73333333333, 1267.33333333333, 1275.8, 1254.4, 1200.33333333333, 1164.46666666667, 216.866666666667, 222.866666666666, 254.2, 2410.13333333333, 269.866666666667, 248.666666666667, 1403.6, 260.533333333333, 1283.2, 1284.33333333333, 213.533333333333, 1286.2, 213.066666666666, 198.266666666667, 1334.4, 2411.39999999999, 1224.33333333333, 210.2, 1321.73333333333, 2271.26666666666, 2308.8, 1199.4, 263.866666666667, 1234.8, 2387.73333333333, 1327.53333333333, 2416, 224.733333333333, 2408.2, 1234, 227.466666666667, 1268.13333333333, 1101.93333333333, 2328.4, 250.866666666667, 
199.666666666667, 2421.6, 2281.93333333333, 1236.4, 2433.33333333333, 4578.26666666666, 2352.66666666667, 1272.66666666667, 3504.93333333333, 1274.46666666666, 2370.73333333333, 3542.26666666667, 1346.06666666667, 1269.33333333333, 2474.2, 2367.26666666666, 1330.2, 1295.06666666666, 2463.4, 1249.66666666666, 2426.73333333333, 2351.73333333333, 1312.13333333333, 1263.66666666667, 1257.86666666666, 2453.73333333333, 2317.73333333333, 2433.06666666666, 2410, 3513.33333333333, 3601.86666666666, 1288.4, 1266, 1231.66666666666, 2421.46666666666, 1260.73333333333, 1317, 1274.8, 1344.46666666666, 1269.8, 1266.2, 1285.33333333333, 4616.4, 1246.46666666666, 2379.26666666667, 1266.4, 2305.06666666666, 2443.53333333333, 1245.4, 2363.73333333333, 1234.06666666667, 1305.06666666666, 1277.2, 1351.46666666666, 1345.86666666666, 1299.33333333333, 1264.06666666666, 2418.6, 1368.73333333333, 1232, 1216.66666666666, 1269.73333333333, 2403.06666666666, 1239.06666666667, 1246.33333333333, 1229.06666666666, 1240.06666666667, 2311.06666666666, 3499.26666666666, 226.8, 3565.73333333333, 2333.33333333333, 1271.6, 1321.13333333333, 224.8, 1265.6, 1299.06666666666, 1257.4, 2416.66666666667, 1283.73333333333, 1253.33333333333, 1316.6, 1302.66666666666, 1251, 2438, 1351.66666666667, 1228.4, 2401.93333333333, 2371.06666666666, 1260.73333333333, 1369.26666666666, 1238.46666666667, 1325.73333333333, 1307.06666666666, 1231.73333333333, 2324.33333333333, 1233.66666666666, 1228.66666666666, 1320.13333333333, 1232.33333333333, 1352.46666666666, 1254.33333333333, 1229, 2362.26666666667, 1250.66666666666, 1308.8, 1286.33333333333, 1235.06666666667, 213.2, 1369, 1345.73333333333, 1273.8, 1289.06666666666, 1228.8, 1361.66666666667, 1358.86666666667, 1268.06666666666, 1323.73333333333, 1393.73333333333, 204.066666666666, 1421.26666666667, 1309.2, 1269.8, 1361, 2499, 
251, 2310.26666666666, 3438.33333333333, 2395.33333333333, 2347, 2383, 1221.06666666667, 3449.4, 4456.46666666666, 3435.13333333333, 1238, 1294.66666666666, 2395.46666666666, 2337.8, 1260.33333333333, 1311.8, 2393.93333333333, 1290.6, 2339.93333333333, 3538.73333333333, 5643.59999999999, 1210.93333333333, 1273.66666666666, 2371.86666666667, 1290.26666666666, 1294.8, 1321, 3472.06666666666, 1244.4, 2350.86666666666, 2399.33333333333, 1282.66666666666, 3476.4, 1247, 2415.2, 1252.73333333333, 4529.4, 1291.06666666666, 1261.93333333333, 1244.06666666667, 2311, 2411.6, 3530.79999999999, 1295.2, 1285.6, 2400.46666666666, 2417.46666666667, 2383, 2317.66666666666, 2350.66666666667, 1287.13333333333, 1290.13333333333, 2332.66666666666, 1218.93333333333, 4601.2, 2370.99999999999, 2346.73333333333, 2425.73333333333, 2336, 1282.8, 2380.73333333333, 2232.66666666666, 1262.26666666666, 1288.46666666666, 2404.8, 1291.13333333333, 1265.6, 3440.46666666666, 1264.26666666666, 4534.19999999999, 1325.4, 2324.6, 2374.13333333333, 2453.8, 1318.93333333333, 2442.06666666666, 2352.13333333333, 1250.86666666666, 4617.73333333333, 1272.26666666666, 2401.53333333333, 2295.26666666666, 1297.33333333333, 3474.2, 1251.13333333333, 5680.8, 3485.33333333333, 5580.66666666666, 1326.53333333333, 1282.53333333333, 1260.53333333333, 2338.26666666667, 1281.73333333333, 4495.13333333333, 2398.73333333333, 2432.86666666666, 1384.73333333333, 1266.66666666666, 1313.33333333333, 287.866666666667, 2368.53333333333, 3472.26666666666, 2378.93333333333, 2346.73333333333, 380.333333333333, 1304.73333333333, 2394.6, 1304.53333333333, 1313.73333333333, 2400, 2330, 6765.93333333333, 3389.39999999999, 1333.4, 1285, 1269.53333333333, 1298.2, 1292.6, 4490.13333333333, 2373.13333333333, 1284.73333333333, 3535.26666666666, 1304.13333333333, 1274.13333333333, 1280.66666666667, 
198.4, 2499, 1287.66666666667, 1227.93333333333, 2419.8, 1278.66666666666, 2335, 1197, 1309.4, 1205.06666666667, 1185.33333333333, 2424.93333333333, 2429, 4448.66666666666, 4594.86666666666, 5655.33333333333, 1211.33333333333, 1208.93333333333, 2253.39999999999, 2315.33333333333, 1210, 2284.13333333333, 2356.33333333333, 2276.26666666666, 2303.06666666667, 1268, 4617.93333333333, 3510.33333333333, 1211.8, 1172.6, 2241.86666666667, 4577.66666666666, 1302.73333333333, 3411.6, 2320.26666666666, 3497.33333333333, 1219.73333333333, 4599.06666666666, 1223.06666666666, 1313.86666666667, 1267.2, 3450.26666666667, 2376.86666666666, 5674.73333333333, 3537.66666666666, 1221.8, 1295.8, 1186.33333333333, 2417.6, 1217.66666666666, 2384.73333333333, 1261, 2272.66666666666, 2409.06666666666, 1317.8, 3432.66666666666, 1300.33333333333, 2319.4, 3490.06666666666, 2308.93333333333, 2314, 2395.46666666666, 2308, 1224.33333333333, 1254.2, 1274.93333333333, 1293.4, 1290.33333333333, 2382.8, 3507.26666666666, 1230.33333333333, 3536.39999999999, 2296.73333333333, 2408.86666666666, 1267.06666666667, 4646.13333333333, 2344.73333333333, 1304.13333333333, 1250.53333333333, 1354.66666666667, 2420.4, 1355, 2419.06666666667, 2386.53333333333, 1231.6, 2396.13333333333, 1216.06666666667, 5738.26666666666, 1256.06666666666, 1352, 1272.73333333333, 2427.53333333333, 1255.13333333333, 7964.59999999999, 1196.26666666666, 2414.06666666666, 1211.06666666666, 2437.86666666667, 2440.33333333333, 2421.4, 1214.26666666667, 2424.93333333333, 2301.4, 1303.86666666666, 1246, 2463.2, 2437.26666666666, 3511.66666666667, 1208.73333333333, 1197.66666666667, 2270.13333333333, 1182.2, 2439.33333333333, 1241.73333333333, 1307.86666666667, 1312.26666666666, 1218.4, 1304.66666666667, 2265.26666666667, 1245.8, 1265.46666666666, 1281.46666666667, 1184, 1246.06666666667, 1281.4, 
125.733333333333, 254.866666666667, 216.066666666667, 2350.6, 6757.99999999999, 6615.79999999998, 9915.00000000002, 12020.6666666667, 11175.8000000001, 2406.93333333333, 1309.86666666666, 2414.2, 14312.0666666668, 18663.4000000001, 7863.39999999999, 4601.2, 4388.46666666666, 7742.93333333332, 4513.33333333333, 4443.2, 7821.39999999998, 2349.8, 5722.79999999999, 13240.8666666668, 9941.6666666667, 8841.2, 18616.7333333334, 45051.7333333329, 35090.3999999996, 28564.4666666665, 128364.799999997, 86442.666666665, 28489.7999999998, 2350.8, 100799.066666664, 91941.5999999979, 77989.0666666655, 57051.1999999993, 97770.9999999978, 54905.7333333328, 86744.7999999983, 44954.933333333, 28670.1333333331, 18697.2000000001, 48386.9999999996, 71120.6666666659, 2390.93333333333, 58396.9333333327, 141304.066666667, 99662.4666666644, 13302.4666666668, 8776.86666666666, 16569.8000000001, 54733.5999999995, 20975.6, 57972.1999999994, 24086.7333333333, 27432.9999999999, 39501.0666666662, 18629.3333333334, 26295.3999999998, 13250.7333333334, 31897.8666666664, 28521.5333333331, 32994.133333333, 138003.799999999, 57143.5999999994, 123297.73333333, 69236.7999999991, 70250.2666666658, 35259.2666666663, 85558.8666666649, 113023.399999997, 41458.9333333329, 90868.1333333318, 7679.13333333332, 110061.533333331, 104309.999999998, 77746.1999999988, 10000.3333333334, 39446.933333333, 6857.79999999998, 14568.7333333334, 66058.1999999993, 51771.5999999995, 19867.6666666667, 25292.7333333332, 74773.2666666657, 36602.933333333, 14560.2000000001, 61508.5999999994, 23269, 40877.3999999996, 57265.7333333327, 165225.733333342, 46325.5999999995, 103607.266666664, 37409.333333333, 37475.8666666663, 12247.8000000001, 91587.066666665, 148536.46666667, 105327.199999997, 12277.2666666667, 42115.1333333329, 128928.399999997, 62777.5999999994, 22078.1333333333, 21114.6, 152774.800000004, 36483.133333333, 72621.3999999992, 164306.266666675, 164381.133333341, 6731.86666666665, 22237.8, 30884.8666666663, 32055.6666666664, 45245.9999999996, 27597.6666666665, 47506.6666666662, 26438.1333333332, 72629.5333333323, 6828.99999999999, 58512.9333333327, 
119.066666666666, 9850.26666666668, 3361.73333333333, 5505.99999999999, 12088.3333333334, 214.733333333333, 6633.13333333332, 2302.4, 2349.93333333333, 31801.533333333, 18693.7333333334, 37391.133333333, 163749.600000008, 5621.73333333332, 53579.5333333329, 30808.133333333, 121541.33333333, 164395.333333342, 156239.400000005, 164027.466666675, 164211.333333342, 164238.400000008, 
1119.06666666667, 3338.4, 3409, 2257.66666666666, 2297.66666666666, 1183.6, 1226, 2332.6, 5715.39999999999, 1207.8, 2383.26666666666, 1215.53333333333, 1262.46666666667, 1204.66666666666, 1291.2, 2353.33333333333, 1289.73333333333, 2437, 2375.53333333333, 1284.86666666667, 2345.86666666666, 3510.8, 1320.06666666667, 2392.8, 1245.33333333333, 1229.53333333333, 2335.53333333333, 2413.86666666666, 2350.66666666666, 2400.4, 1288.2, 3434.13333333333, 1271.8, 2346.6, 7864.86666666665, 2461.8, 5568.06666666665, 1275, 1233.26666666667, 2318.2, 1275.2, 2405.13333333333, 1233.26666666667, 2329.73333333333, 4610.59999999999, 3534.4, 1269.46666666666, 3502.8, 5589.26666666665, 2372.8, 3508.73333333333, 3402.66666666666, 4486.4, 2301.53333333333, 2375, 1265.26666666666, 4563.53333333333, 7790.33333333332, 7747.06666666665, 24097.1999999999, 4417.99999999999, 4492.6, 12023.6000000001, 14273.2000000001, 15229.5333333335, 8728.06666666665, 13223.6000000001, 5526.59999999999, 16554.0666666668, 17604.6666666668, 18647.1333333334, 11114.3333333334, 155509.666666672, 3388.53333333333, 15426.8000000001, 1186.66666666667, 12065.4000000001, 28480.6666666664, 4400.13333333333, 14245.3333333335, 6541.86666666665, 37232.0666666663, 3491.33333333333, 5664.59999999999, 3476.66666666666, 3299.8, 3453.2, 3431.06666666666, 3434.2, 2349.33333333333, 5534.99999999999, 3454.4, 7787.06666666665, 2339.86666666667, 4405.46666666666, 2354.93333333333, 2371.6, 3444.66666666666, 2260.06666666666, 3509.53333333333, 4540.73333333333, 3447.66666666666, 2251.33333333333, 1275, 1270.46666666667, 1252.8, 3519.4, 3496.6, 2365.13333333333, 382.066666666666, 2469.2, 2484.06666666666, 3541.33333333333, 5663.93333333333, 3472.53333333333, 164923.266666674, 164195.800000008, 164634.133333341, 
216.8, 4702.6, 11197.2666666667, 17622.1333333335, 5622.19999999999, 16810.4000000001, 12241.0666666667, 13199.4666666668, 10142.6, 10077.1333333333, 39688.7333333328, 25383.7333333332, 4607.73333333333, 278.333333333333, 7907.06666666665, 7875.13333333332, 4547.06666666666, 12498.7333333334, 4546.66666666666, 18877.8666666667, 12272.4666666667, 14623.0000000001, 11225.4, 5543, 10125.1333333334, 17478.1333333335, 3472.8, 2447.4, 8894.59999999999, 4719.86666666666, 19887.8000000001, 2424.8, 4680.53333333333, 4638.46666666666, 3472.73333333333, 10104.6666666667, 11114.0666666667, 9046.66666666665, 18992.4666666667, 8886.66666666666, 14506.6666666668, 9007.93333333334, 20954.2, 27709.2666666665, 19804.3333333334, 25522.7999999999, 18766.0000000001, 48507.7333333329, 25527.1333333332, 23118.3333333332, 41916.5999999996, 26504.7999999999, 28720.1333333331, 50821.9999999996, 77258.2666666655, 25470.0666666665, 28660.9333333331, 32089.1999999996, 33009.1333333329, 97469.7999999974, 3505.26666666666, 45105.2666666663, 144137.000000001, 89073.1333333313, 44329.5999999996, 21069.5333333334, 47120.7333333329, 51826.1999999995, 4698.46666666666, 46338.1333333329, 22133.0666666666, 57046.9333333328, 47388.3333333329, 22296.4, 69485.5999999993, 16736.2666666668, 50763.1333333329, 407.133333333333, 70340.5999999993, 15660.4000000001, 48566.9999999996, 15550.6000000001, 76858.5333333321, 4711.46666666666, 29983.4666666664, 48521.6666666662, 10145.6666666667, 17763.4000000001, 13436.0000000001, 12332.4666666667, 89859.4666666647, 12148.4666666668, 39669.733333333, 15560.0666666668, 67496.9333333327, 66060.1333333328, 55873.4666666662, 26699.7333333332, 55901.3999999996, 109641.13333333, 43094.7999999996, 36621.333333333, 102470.999999998, 11307.4, 3514.13333333333, 76893.4666666656, 17757.4666666668, 34435.933333333, 83232.5333333317, 15657.4000000002, 47071.533333333, 35177.533333333, 9055.26666666667, 1424.13333333333, 22069.8666666666, 39634.8666666662, 5770.99999999999, 16668.5333333335, 53778.3333333329, 25582.5999999998, 18854.8000000001, 20997.5333333333, 14409.7333333335, 16841.2000000001, 26523.1333333332, 
214.4, 1401.2, 32210.133333333, 81571.733333332, 32965.6666666663, 31847.4666666664, 67991.7333333326, 109435.13333333, 164441.000000009, 164437.866666675, 163903.866666676, 
211.066666666666, 259.466666666667, 1185.46666666666, 1159.33333333333, 2238.6, 209.8, 1185.06666666667, 1156.66666666667, 2237.93333333333, 3300.06666666666, 230.8, 1171.46666666666, 2285, 1165.93333333333, 1197.2, 2258.46666666666, 1199.33333333333, 3323.93333333333, 189.333333333333, 1176.66666666666, 1227.73333333333, 1209.4, 1183.13333333333, 203.666666666667, 1255.66666666666, 1187.06666666667, 2259.66666666666, 206.933333333333, 3353.06666666666, 2251.2, 1160.26666666667, 3477.66666666666, 2296.93333333333, 191.866666666667, 3365.33333333333, 2226, 1150.06666666666, 1230.53333333333, 1168.66666666667, 1218.53333333333, 182.933333333333, 1168.33333333333, 1159.2, 2289.66666666666, 2316.2, 1224.26666666667, 2210.66666666666, 1210, 3317.06666666666, 1260, 1155, 1147.86666666667, 1211.6, 168.666666666666, 1204.4, 201.4, 202.2, 252.933333333333, 200.666666666667, 1180.8, 1208, 199.4, 5737.33333333332, 1231.06666666666, 1277.4, 1314.26666666667, 1225, 1272.53333333333, 3402.06666666667, 2388.46666666666, 4618.2, 1321.8, 1319.33333333333, 2350, 3499.93333333333, 2433.66666666666, 1239.86666666666, 1223.06666666667, 1292.06666666667, 3426.99999999999, 12409.0666666667, 18877.2666666667, 46277.1333333329, 76010.6666666659, 53981.3333333327, 143797.000000001, 81603.7333333318, 17793.4000000001, 15634.8666666668, 35348.133333333, 56111.0666666661, 68171.066666666, 33072.9333333329, 37824.3999999996, 100175.199999997, 53122.1999999995, 10156.2666666667, 164813.866666675, 32114.0666666664, 165491.666666675, 79380.7999999986, 112404.066666664, 85800.9333333316, 165078.866666675, 165007.400000008, 165353.733333342, 
212.733333333333, 1199.13333333333, 1276.66666666667, 1177.06666666666, 1182, 1217.33333333333, 1175.33333333333, 3334.6, 3416.06666666667, 2292.4, 1181.33333333333, 2293, 1156.33333333333, 1252.06666666666, 1199.73333333333, 4514.93333333333, 1179.66666666667, 1216.93333333333, 2391.99999999999, 2308.06666666666, 1204, 1196.2, 2307, 3338.59999999999, 4447.13333333333, 2288.6, 4481.19999999999, 2333.66666666667, 1277.33333333333, 2330.2, 2284.73333333333, 1204.2, 2358.4, 1210.06666666666, 1206.73333333333, 1209.4, 4534.93333333333, 1194.66666666666, 1180.66666666667, 1223.6, 1215.73333333333, 1225, 2377, 4550.93333333333, 3439.06666666666, 1206.53333333333, 312.333333333333, 1210.93333333333, 2291, 1300.26666666666, 3449.93333333333, 2324.66666666667, 1276.33333333333, 2345.53333333333, 2348.66666666667, 1230.33333333333, 2372.73333333333, 2264.46666666666, 1243.53333333333, 3460.66666666666, 2381.8, 1203.53333333333, 1236.73333333333, 3455.6, 2375.06666666667, 1212, 1237.13333333333, 1340.53333333333, 1188.66666666666, 1184, 1244.66666666667, 1263.8, 1208.06666666666, 2431.06666666666, 1221, 1198.06666666666, 2422.66666666666, 2291.73333333333, 1217.8, 1323.06666666667, 1200.06666666666, 1215.8, 2374.46666666666, 1209.4, 3481.13333333333, 2337.06666666666, 3479.33333333333, 2347.13333333333, 1196.73333333333, 1297.8, 3361.53333333333, 1290.06666666667, 1250.73333333333, 1190.73333333333, 1304.4, 1283.6, 2244.8, 2327.73333333333, 1188, 2305.33333333333, 1262.73333333333, 1199.06666666667, 3442.06666666667, 2294.59999999999, 2255.8, 2389.8, 2388.06666666667, 2329.8, 1207.13333333333, 2370.2, 1269.8, 1239.46666666667, 3512.86666666666, 2365.13333333333, 3480.66666666666, 7792.13333333331, 1309.2, 1228.8, 2329.8, 1202.8, 1240.86666666666, 1223.26666666666, 1259.73333333333, 1209.13333333333, 1235.46666666666, 
196.733333333333, 2493.66666666666, 2311.6, 2383.26666666666, 2315.93333333333, 3522.33333333333, 3520.26666666666, 2416, 3569.13333333333, 3433.73333333333, 2365, 1288.93333333333, 1273.93333333333, 1276.53333333333, 4651.59999999999, 1314.4, 2414, 1278.6, 2428.33333333333, 1326.93333333333, 1271.26666666666, 1303.6, 2413.2, 3515.2, 3551, 2382.66666666667, 3590.53333333333, 1292.73333333333, 2431, 2402.86666666666, 2384.2, 2393.93333333333, 3437, 2459.33333333333, 3573.33333333333, 4595.73333333333, 4605.46666666667, 3528.66666666666, 3456.73333333333, 2376.6, 5592.86666666666, 1329.53333333333, 2442.86666666667, 4663, 3483.8, 1387.73333333333, 2409, 2220.8, 3569.73333333333, 2431.13333333333, 3517.66666666666, 1303, 3508.46666666666, 5759.06666666666, 2392.06666666667, 3517.93333333333, 2410.13333333333, 1274.46666666666, 2323.93333333333, 2359.73333333333, 3551.46666666666, 3597.46666666666, 3512.26666666666, 2416.26666666667, 1300.06666666667, 5735.26666666666, 4695.8, 2355.8, 3570.8, 3423.06666666667, 1276.46666666667, 3441, 2339.33333333333, 3540.53333333333, 5773.19999999999, 2358.6, 1310.8, 2406.13333333333, 1338.8, 1293.53333333333, 2422.13333333333, 1330.8, 1350.26666666667, 2420.93333333333, 6775.66666666665, 3467, 1282.8, 1300.33333333333, 3498.2, 5709.73333333333, 4640.06666666666, 2414.4, 1280.46666666666, 1317.46666666666, 3348.46666666666, 2431.53333333333, 1360.2, 1341.53333333333, 3491.13333333333, 1267.73333333333, 2436.13333333333, 1297.13333333333, 1288.26666666666, 4668.66666666666, 2448.13333333333, 3497.73333333333, 4583.06666666666, 2410.73333333333, 3533.8, 4454.79999999999, 2464.73333333333, 2364.66666666666, 2397.86666666667, 1350.26666666667, 1313.46666666666, 4563.39999999999, 3483.73333333333, 5735.39999999999, 1281.46666666666, 2362.73333333333, 4598.73333333333, 4565.33333333333, 2381.73333333333, 2402.66666666666, 1368.26666666666, 
1108.33333333333, 6775.06666666666, 5691.86666666666, 3593.33333333333, 11047.4000000001, 4597.4, 2352.4, 3456.53333333333, 3506.86666666666, 2455.8, 2382.53333333333, 5730.93333333332, 7824.59999999998, 3567.6, 222.733333333333, 4560.59999999999, 20179.5333333334, 7918.99999999998, 6770.86666666665, 41767.7999999996, 138801.866666666, 153059.066666671, 164034.666666675, 130450.066666663, 164242.600000008, 163794.666666675, 164219.600000008, 
151.733333333333, 175.333333333333, 1147.66666666666, 2254.93333333333, 2298.46666666667, 1209.73333333333, 3351.73333333333, 1216.33333333333, 2284.66666666667, 2315, 2246.6, 2270.33333333333, 1163, 1167, 1197.4, 4571.13333333333, 5565.46666666665, 2309.4, 3440.13333333333, 1254.66666666667, 3435.06666666667, 3341.26666666666, 5718.66666666666, 2323, 2318.93333333333, 4472.46666666667, 5549.06666666666, 3452.06666666666, 2400, 2335.13333333333, 4491.46666666666, 2361.8, 1292.4, 7841.73333333332, 2473.6, 5667.53333333332, 6892.73333333332, 8826.86666666666, 1290.2, 1247.8, 1326.13333333333, 7787.39999999999, 4684.53333333333, 2396.26666666666, 4661.46666666666, 2417.2, 1290.86666666666, 1345.46666666666, 4517.93333333333, 3348.4, 5674.33333333332, 5769.99999999999, 2477, 2426.06666666667, 2424.6, 1291.2, 2412.46666666666, 1286.06666666667, 4622.46666666666, 1342.46666666667, 6637.33333333333, 2417.26666666666, 16738.6666666668, 15471.3333333335, 13364.5333333334, 10064.3333333334, 3449.4, 37236.4666666663, 20910.0666666667, 3383.66666666666, 18824.4666666667, 8851.73333333333, 15700.6000000001, 3494.13333333333, 12182.0000000001, 4546.93333333333, 16630.3333333335, 7888.46666666665, 12264.2666666667, 11081.8, 21148.5333333333, 12283.2666666667, 6824.19999999999, 26659.1999999999, 17711.6000000001, 4497.06666666666, 6700.39999999998, 9135.33333333333, 6811.13333333333, 8935.66666666666, 3557.6, 5585.79999999999, 13395.0666666668, 4584.06666666666, 14344.9333333335, 4451.66666666666, 13279.7333333334, 5679.06666666666, 4574.06666666666, 19616.4000000001, 12227.1333333334, 9975.00000000002, 1389.8, 10123.8, 8982.20000000001, 5692.26666666666, 12240.0666666667, 7924.06666666665, 3479.73333333333, 19963.1333333334, 7828.86666666665, 8921, 2361.73333333333, 8817.33333333334, 40484.2666666663, 23146.7999999999, 18725.4666666668, 34213.133333333, 28644.7333333331, 37224.133333333, 6841.93333333332, 40772.533333333, 14266.7333333334, 18718.0000000001, 27664.1999999998, 
138.4, 1326, 21857.3333333334, 2402.8, 62634.9999999994, 12290.4000000001, 11011.4000000001, 19693.0000000001, 26314.5333333332, 165284.666666675, 165110.333333342, 165144.000000009, 
1120.66666666667, 157.333333333333, 1227.66666666667, 3381.73333333333, 26397.5999999999, 11002.3333333334, 36202.733333333, 21915.9333333333, 32957.0666666663, 217.8, 7833.46666666665, 20916.8, 26361.3333333332, 29585.7999999998, 39586.333333333, 14275.0666666668, 28489.1999999997, 19834.7333333334, 30626.9999999997, 13422.3333333334, 18983.4666666667, 18636.9333333334, 14124.0666666668, 12035.0000000001, 32786.733333333, 19597.4666666667, 36012.533333333, 22887.4, 37285.5999999996, 5625.33333333332, 205.466666666667, 27532.3999999998, 27628.5999999998, 48202.9999999996, 17700.4666666668, 18699.1333333334, 25227.3333333332, 28683.7999999998, 31853.8666666663, 15402.4666666668, 30511.0666666663, 7967.66666666665, 21916.4, 9902.60000000003, 43283.0666666663, 13124.3333333334, 201.533333333333, 30690.5333333331, 42395.7333333329, 8884.06666666668, 8746.73333333334, 2356.8, 45921.5999999995, 36213.5999999997, 6566.66666666666, 25338.5999999999, 59210.8666666662, 20855.1333333334, 9999.06666666668, 3434.66666666666, 39389.7999999996, 41485.0666666662, 18742.6000000001, 46930.6666666663, 34112.733333333, 9854.26666666669, 13350.8000000001, 114553.93333333, 40296.0666666663, 14248.6666666668, 46706.6666666663, 1265.13333333333, 25289.3333333332, 56732.0666666662, 37309.933333333, 15387.5333333335, 218.533333333333, 74487.7999999989, 15299.2666666668, 20887.8, 22797.8666666667, 176.466666666667, 5476.06666666666, 13140.0666666668, 21809.6, 63721.5999999994, 33941.7999999997, 27446.5333333331, 25258.3999999999, 36074.4666666663, 211.866666666667, 13326.1333333334, 9894.46666666669, 8833, 11047.3333333334, 28505.3333333331, 55864.3999999996, 57794.5999999995, 21861.7333333334, 102800.333333331, 13261.8000000001, 61204.7333333328, 47145.7999999995, 47027.7999999996, 27466.8666666665, 37407.6666666663, 34226.1999999997, 165773.200000008, 97168.6666666646, 27438.9333333331, 165288.000000009, 165766.733333342, 29896.2666666664, 165464.533333341, 22269.8, 61999.1999999993, 111127.933333331, 165402.066666676, 165693.866666675, 165717.333333342, 
183.4, 214.666666666667, 1251, 1264.4, 1253, 1249.06666666667, 2355.6, 1288.33333333333, 1265.66666666667, 299.066666666666, 305, 1357.4, 2293.6, 2327.06666666666, 2382, 1301.26666666667, 3496.93333333333, 1274, 2343.4, 1313.13333333333, 298.4, 1294.86666666666, 1227.33333333333, 1338.26666666666, 2375.33333333333, 1237.66666666667, 1237.4, 3532.4, 194.4, 2407.2, 222.4, 1209.66666666666, 2349.73333333333, 1236, 1289, 1227.4, 1267.86666666667, 2336.66666666666, 285.733333333333, 1345.66666666666, 1248, 272.533333333333, 227.4, 234.8, 1357.06666666667, 2371.93333333333, 1230.8, 1268.4, 1205, 2403.66666666667, 1232.66666666667, 1235.26666666666, 1265, 1203.73333333333, 1254.06666666667, 1319.6, 2419.93333333333, 1274, 1257.2, 1329.33333333333, 1242.86666666667, 3423.59999999999, 1314.73333333333, 1290.53333333333, 204.8, 223.4, 1293.4, 2412.8, 225.066666666666, 1281.93333333333, 1321.86666666666, 228.8, 1209.73333333333, 1365.8, 1359.66666666666, 1265.33333333333, 2426.2, 1258.4, 1383.73333333333, 1223.8, 2413, 1383.06666666667, 247.466666666667, 234.733333333333, 289.066666666666, 2479.46666666666, 1295.26666666667, 2408.33333333333, 1266.2, 1266, 1280.6, 1263.86666666667, 1329.13333333333, 285.733333333333, 1326.4, 1265.06666666666, 1213, 1304.4, 205, 1210.66666666666, 1297.46666666666, 224.733333333333, 1226.4, 1324, 229.066666666667, 1269.13333333333, 5804.99999999999, 1296.73333333333, 1277.2, 1243.06666666667, 1283, 1232.33333333333, 1314, 2296.8, 2372.73333333333, 1210.06666666667, 2347.53333333333, 253.466666666667, 1276.06666666667, 1218.4, 1344.4, 1320.4, 1327.2, 1100.86666666667, 1247.86666666667, 
194.733333333333, 1188, 1245.66666666667, 2391.33333333333, 4554.13333333333, 1339.73333333333, 1347.2, 1302.26666666667, 3574.93333333333, 2368.8, 2486.8, 1249.06666666666, 1292.6, 2456.2, 1367.93333333333, 1235.66666666667, 2531.2, 1248.66666666666, 2473.46666666666, 1316.4, 4570.19999999999, 2402.4, 1326.73333333333, 2501.26666666666, 1321.53333333333, 1264.2, 2391.13333333333, 1271.2, 3442.46666666667, 1249.8, 1230.73333333333, 1335.33333333333, 1381, 1359.26666666667, 1310.4, 9144.2, 1342.73333333333, 1369.93333333333, 1301.33333333333, 1285.86666666666, 1255.73333333333, 1252.13333333333, 1335, 2428.93333333333, 2315.33333333333, 2424.8, 1352, 1238.33333333333, 1299.13333333333, 2409.6, 1268.2, 1256.46666666667, 2393.06666666666, 3431.66666666666, 2392.4, 1261.66666666666, 5795.46666666666, 1264.66666666667, 3558.93333333333, 3489.93333333333, 2395.53333333333, 1275.4, 1273.53333333333, 1258.86666666666, 1323.13333333333, 1281.06666666666, 1354.53333333333, 2435.6, 2427.4, 2341.86666666666, 1262.13333333333, 2415.13333333333, 165202.133333342, 35369.933333333, 3571.33333333333, 105057.866666664, 165785.200000008, 12716.1333333334, 19467.2000000001, 165714.666666675, 50971.5999999995, 165706.200000009, 166600.866666675, 10379, 68094.5333333326, 15909.9333333335, 2360, 25962.8666666665, 166387.666666676, 91748.8666666651, 33725.1333333331, 11530.6666666667, 20420.4666666667, 155601.333333339, 3645.66666666666, 165423.000000009, 165399.933333342, 165650.000000008, 
34385.9999999997, 11071.9333333334, 164406.933333342, 16688.4666666668, 165707.000000008, 166064.866666675, 165801.600000008, 
1304.6, 2240.93333333333, 3469.2, 2368.33333333333, 4614.26666666666, 7867.53333333332, 5476.06666666666, 9866.6666666667, 6753.06666666666, 8850, 6563, 2379.4, 4432.8, 7791.66666666665, 6633.39999999999, 6710.79999999999, 16436.3333333335, 14257.1333333335, 25321.7999999999, 31781.733333333, 14300.8000000001, 31779.3999999997, 9895.00000000003, 8726.66666666667, 20969.8, 43737.4666666663, 29722.0666666664, 4430.53333333332, 16355.1333333335, 8859.86666666666, 4371.33333333333, 14365.5333333335, 27471.7333333332, 26422.0666666665, 3359.66666666666, 38318.5333333329, 27427.5999999998, 19607.8000000001, 31733.2666666664, 26416.9333333332, 27473.6666666665, 6727.46666666665, 5652.86666666665, 62322.5333333328, 40608.733333333, 23015.1333333333, 3430.06666666667, 19826.3333333334, 20798.6, 10950.7333333334, 14387.5333333334, 65705.1999999992, 142860.266666667, 70205.8666666657, 86478.3333333317, 80266.2666666653, 84422.4666666651, 50306.4666666663, 16636.8666666668, 34014.133333333, 81892.3999999986, 35081.533333333, 4464.06666666666, 4463.33333333333, 14325.4666666668, 38400.733333333, 16513.4666666668, 27470.4666666665, 67881.9333333325, 57998.3999999996, 58268.9999999994, 17597.0666666668, 74555.5333333321, 41712.1999999996, 15585.0666666668, 4442.93333333333, 14316.6000000001, 14301.2000000001, 74395.399999999, 48291.3333333329, 18475.4666666668, 21944.4, 13112.4000000001, 30790.6666666664, 28534.3999999998, 52380.3333333329, 7831.46666666665, 19823.2, 42835.1333333329, 49146.1333333328, 111470.533333331, 5646.73333333333, 42803.733333333, 99917.1333333311, 12140.8666666667, 3305.33333333333, 7781.99999999998, 80078.5999999986, 14335.8666666668, 39425.1999999995, 2326.4, 42649.1333333329, 20804, 27380.9333333332, 27442.5999999998, 8908.06666666666, 13230.5333333334, 19716.2666666667, 3373.6, 53686.5999999995, 35254.333333333, 32981.0666666663, 14298.1333333335, 10020.4, 47953.9999999996, 79976.7333333319, 13233.6666666668, 5542.86666666666, 12119.0666666667, 16481.1333333334, 5631.53333333333, 10052.2666666667, 29695.5333333331, 4417.53333333333, 12257.1333333334, 
163.4, 1166.6, 217, 194.8, 213.333333333333, 1178, 195.066666666667, 198.4, 139.066666666667, 1174, 220.466666666667, 215.066666666667, 1212, 212.4, 209.4, 219.866666666667, 2275.06666666666, 2372.53333333333, 212.466666666667, 2273, 1222.8, 221.4, 240.666666666666, 3415.93333333333, 173.933333333333, 1230.4, 1233.73333333333, 2329.93333333333, 216.533333333333, 235.266666666667, 1201.86666666666, 1237.6, 202.266666666667, 1193.13333333333, 200.666666666666, 1191.13333333333, 250.4, 2226, 179.4, 1208.93333333333, 1211.86666666667, 1237.53333333333, 244.8, 2297.06666666666, 227.4, 1278.46666666666, 193.4, 215.6, 1224.33333333333, 1250.4, 1264.8, 226.466666666666, 1221.13333333333, 197.333333333333, 1157.86666666666, 239.133333333333, 1300, 228, 238.666666666667, 1265.26666666667, 2388.53333333333, 2397.66666666666, 190.266666666667, 1236.66666666666, 1234.26666666667, 1254, 1255.6, 1293.4, 2353.46666666666, 194, 2242, 228.8, 1223.4, 1172.53333333333, 1274.86666666666, 1374.33333333333, 1289.33333333333, 1321.33333333333, 283.266666666666, 288.133333333333, 1250.73333333333, 1244.93333333333, 1200.73333333333, 195.2, 1244, 3518.33333333333, 1212.73333333333, 1238.93333333333, 1230.6, 188.2, 1178.26666666667, 238.4, 240.733333333333, 215.533333333333, 153.8, 178.533333333333, 188.333333333333, 201.933333333333, 198.066666666667, 250.6, 229.066666666667, 248.733333333333, 1224.73333333333, 1196.13333333333, 259.133333333333, 1201.8, 150.133333333333, 1259.46666666666, 1196.46666666667, 243.866666666667, 211.266666666666, 169.933333333333, 239.4, 212.8, 172.2, 156.066666666667, 1222.4, 144.333333333333, 232.733333333333, 204.133333333333, 219.733333333333, 182.733333333333, 174.733333333333, 173.2, 1228.66666666667, 
192.733333333333, 221.333333333333, 1228.66666666666, 2297.26666666666, 1230.8, 190.133333333333, 2330, 17606.9333333334, 5491.46666666665, 15249.4666666668, 18648.8000000001, 12071.1333333334, 6648.59999999999, 11087.5333333334, 19642.0000000001, 8930.73333333334, 14516.0000000001, 30676.3333333331, 20890, 30616.3999999997, 61202.3999999993, 216.133333333333, 14293.0666666668, 9879.53333333335, 165117.666666676, 165239.466666675, 165442.133333342, 
212.733333333333, 182.133333333333, 274.733333333333, 220.133333333333, 1290.33333333333, 3505.8, 1306.53333333333, 292.2, 1207, 1294.06666666666, 2437.66666666666, 1299.86666666666, 1244.2, 1320.46666666667, 1308.33333333333, 1295.13333333333, 1221.13333333333, 286.2, 2321.93333333333, 1293.86666666667, 1255.66666666667, 2385.8, 1331.26666666667, 1213.73333333333, 2384.66666666666, 1283.4, 1334.06666666666, 1244.86666666666, 1317.2, 1251.06666666666, 1224.13333333333, 1334.53333333333, 1264.86666666666, 1308.6, 1317.4, 2445.53333333333, 1252.53333333333, 1325, 1294.86666666666, 2396.66666666666, 1286.6, 2481.73333333333, 1329.86666666666, 2358.53333333333, 2396.4, 1341.4, 1248.33333333333, 2394.26666666667, 1409.13333333333, 1285.8, 1304.06666666666, 2371.6, 1312.93333333333, 1290.46666666666, 1229.53333333333, 1313.73333333333, 3532.13333333333, 1238.53333333333, 2433.46666666666, 2416.8, 2300.26666666666, 1250.53333333333, 1220.33333333333, 1244.8, 3503.19999999999, 1308.6, 1264.53333333333, 2402.4, 2389.66666666667, 2406.66666666667, 1269.93333333333, 3459.06666666667, 1222.26666666667, 1264.33333333333, 1346.46666666667, 3532.06666666666, 2406.46666666666, 1273.4, 1273.6, 286.266666666666, 1235.86666666667, 2372, 2402.8, 1279.66666666666, 2433.8, 1251.6, 292.666666666666, 1238.33333333333, 2408.26666666666, 1242.73333333333, 1291, 1323.46666666666, 1286.73333333333, 1230.4, 1281.66666666666, 1293, 166.8, 179.466666666667, 1317.8, 1363.26666666667, 1262.93333333333, 1229.33333333333, 1223.73333333333, 1237, 3447.93333333333, 1280.06666666666, 1320.53333333333, 2420.73333333333, 3524.33333333333, 3427.13333333333, 1245.53333333333, 2369.33333333333, 1342.13333333333, 1298.53333333333, 1226.13333333333, 1274.06666666667, 1262.4, 1218.33333333333, 287.266666666667, 1244.33333333333, 1285.13333333333, 2425.73333333333, 1350.33333333333, 2402.46666666666, 1253.33333333333, 
252.733333333333, 2387.06666666666, 1276.4, 1255.33333333333, 1270.8, 1358.86666666667, 2406.86666666667, 1249.33333333333, 1250.06666666666, 1263.2, 5674.26666666666, 1255.06666666667, 1350.4, 1216.26666666667, 1279, 1237.33333333333, 3521, 1252.66666666667, 1216.66666666666, 239.666666666667, 1228, 1211, 2399.4, 1254, 222.733333333333, 1229.66666666667, 1265.73333333333, 4600.26666666666, 1229.06666666666, 2348.93333333333, 1291.4, 4650.8, 1267.8, 1235, 1262.66666666666, 1402.8, 1321.73333333333, 1213, 1230.66666666667, 1270, 3410.26666666666, 1291.6, 1331.13333333333, 210.066666666666, 3538.93333333333, 210.2, 1239.8, 1216.66666666667, 1354.4, 253.8, 2313.66666666667, 1265.4, 191.133333333333, 1195, 1211, 1311.06666666666, 272.533333333333, 3325.53333333333, 1341.06666666667, 198.466666666667, 1229.4, 2391, 1226.26666666667, 4530.79999999999, 251.2, 188.066666666667, 217.466666666667, 1217.66666666667, 299.066666666666, 1256, 253.8, 1221.66666666667, 1235.33333333333, 1223.06666666666, 228.133333333333, 1258.33333333333, 1252.4, 1304, 251.2, 216.133333333333, 1242, 2464.73333333333, 214.066666666667, 2423.26666666666, 212.133333333333, 1274.33333333333, 2354.66666666667, 1252.4, 1248.33333333333, 1289.2, 1217.33333333333, 228.4, 1233.66666666666, 216.733333333333, 1326.73333333333, 197.733333333333, 1227.4, 1210.4, 243.533333333333, 269.866666666667, 230.733333333333, 1274.33333333333, 1266.4, 1279.8, 2389.26666666666, 2352.06666666667, 1263, 1314, 1258.4, 1333, 3405.19999999999, 2490.86666666666, 1301.53333333333, 2419.53333333333, 2434.26666666667, 1267.66666666666, 216, 216.133333333333, 1231.66666666666, 1199.06666666667, 1304.73333333333, 1296.6, 2435.4, 2305, 262.466666666667, 
8900.53333333333, 52362.0666666662, 110288.33333333, 164600.933333342, 164451.933333342, 164646.000000008, 
122475.866666662, 25297.2666666665, 163732.266666675, 164915.266666674, 164395.866666675, 
163402.266666674, 62011.733333333, 164000.933333342, 164861.933333341, 164812.333333342, 
1184, 3241, 7922.59999999999, 10159.2666666667, 164275.266666675, 163491.733333341, 75998.7999999988, 164678.600000008, 164497.600000009, 165045.933333341, 
1325.06666666666, 10986.3333333334, 88175.7333333313, 164508.133333342, 164644.000000008, 164560.266666675, 
1098.53333333333, 4631.66666666666, 164877.933333342, 164472.933333341, 164240.333333341, 
3343.6, 45399.1333333329, 21194.1333333334, 165085.266666675, 165498.533333342, 165397.600000008, 
1303.86666666666, 5669.73333333332, 3504.53333333333, 44101.9333333329, 68452.666666666, 65948.3999999993, 164624.600000008, 86852.0666666647, 165086.266666675, 25456.4666666666, 144515.533333335, 40618.133333333, 81568.1333333319, 164724.733333341, 164788.333333341, 165606.866666675, 
16741.1333333335, 2417.93333333333, 22125.5333333333, 164612.600000008, 164275.266666675, 164615.600000008, 
87288.7333333313, 125504.999999995, 6787.66666666665, 162367.333333341, 138935.866666665, 164779.200000008, 56957.1333333329, 143259, 119500.399999996, 163894.933333342, 163872.933333341, 163254.666666674, 
258.2, 164400.866666675, 164999.600000008, 164793.333333341, 
186.8, 164713.200000009, 164114.600000008, 164024.866666675, 
1197.8, 3471.46666666666, 5487.86666666666, 6686.59999999999, 164987.333333341, 164732.000000008, 159487.73333334, 166006.533333342, 164079.600000008, 164612.266666675, 
5721.13333333333, 1319.13333333333, 163886.533333342, 3594, 20244.2666666667, 122351.266666662, 162999.866666675, 164150.266666675, 55742.7333333329, 164133.666666675, 163934.666666675, 141989.466666666, 163921.333333342, 163637.000000008, 73101.9333333324, 164122.666666676, 163774.666666675, 80247.8666666653, 165002.600000008, 78382.3333333322, 164234.666666675, 57330.5333333328, 164529.933333342, 164632.866666675, 164495.600000008, 
169.4, 111878.666666664, 164425.333333341, 165009.533333341, 165942.933333341, 
1085.46666666667, 1147.93333333333, 2228.26666666666, 3351.33333333333, 7858.53333333331, 17543.3333333334, 42831.6666666663, 164676.333333341, 164726.266666675, 164992.933333342, 
180.666666666666, 250.066666666666, 163970.333333341, 164260.266666675, 164368.266666675, 
1106.06666666667, 223.333333333333, 226.666666666667, 1281.6, 5623.86666666665, 24329.8666666665, 165084.533333342, 164929.666666675, 164763.600000008, 
7618.73333333332, 164406.600000008, 3575.26666666666, 164744.266666675, 164730.666666675, 164472.933333342, 
153652.400000004, 5556.06666666666, 54525.9999999996, 164801.600000008, 164569.333333342, 164516.000000008, 
208, 145.733333333333, 1168.66666666667, 2316.46666666666, 3403, 1283.73333333333, 8804.66666666667, 6662.19999999999, 3476.66666666666, 2404.06666666666, 2294.86666666666, 12256.1333333334, 84050.1999999983, 146322.600000002, 163975.666666675, 155082.333333338, 3405.6, 163904.866666675, 95162.9999999977, 48481.8666666662, 128976.399999995, 60287.3999999996, 89202.3333333313, 163253.666666675, 108095.399999996, 163413.733333341, 163099.000000008, 163390.933333341, 
166.666666666667, 223.333333333333, 228.733333333333, 30908.9999999997, 58313.3999999994, 164837.333333341, 165047.600000009, 165147.000000008, 
1090, 6671.06666666665, 34382.1999999997, 1344.06666666667, 165741.600000008, 164076.600000008, 163670.266666674, 
4592.66666666666, 24125.2666666665, 86803.3333333317, 164496.333333342, 164859.933333341, 164746.666666675, 
8696.73333333333, 163480.000000008, 6782.33333333332, 164717.933333342, 164936.266666675, 165114.266666675, 
1188.73333333333, 148.4, 186.066666666666, 16721.4666666668, 164998.866666674, 164901.333333342, 59581.066666666, 168518.666666679, 45740.9333333329, 169528.200000013, 171639.733333346, 170778.133333345, 
167284.06666668, 166890.733333346, 168172.066666679, 
3493, 132723.133333327, 16978.3333333335, 167853.400000013, 45007.8666666663, 59561.5333333329, 167343.533333346, 168758.933333346, 168891.400000013, 
2201.2, 236.933333333333, 236.266666666666, 213.933333333333, 293.2, 1162.4, 1277.4, 1301.06666666666, 216.6, 227.4, 230.266666666666, 219.6, 184.4, 184.733333333333, 182.6, 2390.2, 3485.93333333333, 234.266666666666, 3481.93333333333, 1242.4, 1251.53333333333, 2394.8, 1313.93333333333, 7052.73333333332, 54675.7333333327, 130137.666666662, 44051.1999999995, 167849.200000012, 168568.200000013, 168945.533333346, 
8304.53333333334, 167589.066666679, 168545.400000013, 168899.400000012, 
2366.73333333333, 1268.8, 1241.06666666667, 3512.06666666666, 2404.4, 2374, 2447.6, 1225.66666666666, 1266.46666666666, 1180.33333333333, 1173.6, 2276.93333333333, 1238.33333333333, 1160, 1202.66666666667, 2266, 2267.66666666666, 1190.33333333333, 3402.33333333333, 3541.2, 1271, 2363.4, 2350.93333333333, 1163.33333333333, 3406.73333333333, 2374.6, 2331.4, 1173.73333333333, 1298.8, 3476.2, 1249, 1214, 2408, 1255, 2296.6, 1195.06666666667, 3457.8, 1196.33333333333, 2276.26666666666, 2361.93333333333, 2408, 1260.73333333333, 3542.93333333333, 1262.73333333333, 1187.4, 3430.73333333333, 3468, 2380.26666666666, 1190, 1189.66666666667, 3477, 1179, 1186.46666666666, 1223.93333333333, 4645.66666666666, 2297.73333333333, 3509.33333333333, 2245.33333333333, 2265, 2358, 2267.73333333333, 2379.06666666666, 1220.6, 2336.2, 1221.66666666667, 1178.66666666667, 3451.26666666666, 1298, 1180.33333333333, 1185.66666666667, 2400, 3545.26666666666, 2275, 1203.66666666666, 2263.93333333333, 3496.06666666666, 2390.66666666667, 2312.33333333333, 2361.33333333333, 1165.66666666667, 2364.13333333333, 2343.33333333333, 1195.33333333333, 1205.73333333333, 1210.66666666666, 3412.46666666666, 2371.4, 2279.6, 2445, 1193.06666666666, 1278.8, 1393.86666666666, 1204.73333333333, 3434.8, 2388.06666666667, 2328.53333333333, 2435.2, 3402.06666666666, 3420.26666666666, 1213.2, 2283.2, 1194.73333333333, 3455.99999999999, 2382.66666666666, 2297, 2265.73333333333, 1169.8, 1224.13333333333, 1258.4, 3434.6, 3472.66666666666, 2367, 2432.2, 1202.26666666667, 4502.26666666666, 1182.6, 2362.33333333333, 2321.2, 1192.93333333333, 2412.66666666666, 1183.46666666667, 3457.4, 2235.06666666667, 3423.46666666667, 2350.33333333333, 
3269.66666666666, 1253.66666666667, 2325.6, 1388, 1348.46666666667, 2409.93333333333, 1313.73333333333, 1181.33333333333, 2371.33333333333, 3472.73333333333, 2282, 1213.73333333333, 2457.73333333333, 3520.73333333333, 3511.53333333333, 4566.86666666666, 1182.33333333333, 1238.66666666666, 3437.2, 2456.06666666666, 2466.33333333333, 1219, 1196.6, 1236.33333333333, 2339.66666666667, 2369.06666666666, 2330.26666666667, 1290.73333333333, 3494.53333333333, 1228.73333333333, 1238.26666666666, 1230.66666666666, 4622.13333333332, 1226.33333333333, 1229.33333333333, 2346, 1248.8, 2413.06666666666, 2464.93333333333, 1316, 2412.53333333333, 1297.06666666666, 3544.93333333333, 3462, 4555.39999999999, 1270.4, 1221.33333333333, 1305.73333333333, 1243.4, 1236.8, 1233.4, 1281.8, 1236.06666666666, 2362.26666666666, 2361.26666666667, 1277.06666666666, 1271.4, 1235.26666666666, 2334, 1260, 1279.73333333333, 2288, 2445.4, 1237.8, 1272.06666666667, 1298.4, 4664.93333333333, 2411.73333333333, 1227.33333333333, 1236.33333333333, 1374.66666666667, 2353, 2427.66666666666, 1324.66666666667, 1258.73333333333, 1257.73333333333, 2407.93333333333, 1306.06666666666, 1277.06666666666, 2458, 3444.8, 2456.66666666666, 2438.73333333333, 1288.13333333333, 1295.53333333333, 1220, 1308.46666666666, 1322.86666666667, 1320.53333333333, 2430.2, 2394.66666666667, 3574.19999999999, 1282.2, 4627.4, 1233.4, 1294.53333333333, 1309.4, 4607.93333333333, 2297.86666666666, 2309.86666666667, 3549.33333333333, 2440.46666666666, 1310.8, 2405.33333333333, 2459.86666666667, 1249.53333333333, 1239.4, 1233.33333333333, 3455.06666666666, 1271.73333333333, 3506.26666666666, 2350.26666666666, 2387.73333333333, 1246.13333333333, 3432, 1262.4, 1345.13333333333, 3425.66666666666, 2453.86666666666, 2438.86666666666, 1262.53333333333, 2312.73333333333, 1364, 1236.66666666667, 3328.4, 
222.466666666666, 3446.93333333333, 1274.73333333333, 3490.66666666666, 2408, 1232.66666666666, 3585.6, 2394, 1229.66666666666, 3437.93333333333, 1228.66666666667, 5744.93333333332, 2424.33333333333, 1237.66666666667, 3486.46666666666, 1296.8, 2449.93333333333, 3444.73333333333, 5676.99999999999, 2490.8, 1232.66666666666, 3498.93333333333, 1268.4, 1181.66666666666, 1261.73333333333, 2372.4, 2366.33333333333, 1241.4, 2356.66666666667, 1323, 2332.06666666667, 3358.39999999999, 2446.6, 3570.4, 1207.33333333333, 1214.6, 1312.46666666666, 1268.66666666666, 2322.4, 4655.59999999999, 2417.66666666666, 2316.66666666666, 1216.26666666666, 2451.6, 3501.6, 3484, 2426.33333333333, 1297.06666666666, 1294.73333333333, 2416.33333333333, 5621.06666666666, 1196.66666666667, 1255.13333333333, 3543.6, 2253.6, 1204.73333333333, 1256, 1283.66666666667, 2440.2, 2274.4, 1289.73333333333, 2361.6, 1214.33333333333, 1268.33333333333, 2239, 2467.66666666666, 4626.86666666666, 2353, 3327.2, 3451.53333333333, 1239.66666666667, 2406.6, 3500.6, 1250.33333333333, 3535.66666666667, 1242.46666666667, 1300.6, 2515.4, 3463.66666666666, 1221, 2409.6, 1259.4, 1231, 1265.6, 2334.66666666667, 2428.6, 2378.33333333333, 2434.53333333333, 1271, 1270, 2444.6, 1211.73333333333, 2369.13333333333, 2400.06666666666, 2441.93333333333, 1267.06666666666, 1244.93333333333, 1274, 2444.73333333333, 1235.33333333333, 1247.66666666666, 2336.53333333333, 1269.33333333333, 1260.4, 1180, 1239.73333333333, 2426.6, 2293.73333333333, 4639.26666666666, 3400.33333333333, 1241.06666666667, 2469.53333333333, 2488.8, 1233, 1266.93333333333, 1270.33333333333, 3468.93333333333, 3548.39999999999, 2383, 1207.73333333333, 2355.6, 2277, 1236.73333333333, 1217.26666666667, 3553, 
114.4, 2447.66666666666, 5605.33333333332, 2409.33333333333, 4550.86666666666, 3535.33333333333, 4512.66666666666, 3386.73333333333, 3478, 3418.26666666666, 14349.3333333335, 5594.39999999999, 2232, 2415.6, 7810.53333333332, 6708.59999999999, 3567.73333333333, 10131.8666666667, 4690.6, 7790.73333333332, 2408.33333333333, 2427.66666666666, 18898.0000000001, 2392.4, 5646.93333333333, 4590, 3533.73333333333, 5634.73333333332, 4621.53333333333, 1281.06666666667, 239.733333333333, 10059.7333333334, 12250.0000000001, 8885.06666666667, 6852.26666666666, 2416.66666666666, 2304.26666666666, 7787.79999999998, 4559.93333333332, 2535.2, 8949.06666666666, 2413.8, 3425.46666666666, 7763.59999999998, 3585.73333333333, 3416.06666666666, 5587.46666666666, 2440.86666666666, 8887.46666666667, 2396, 5685.86666666666, 8923.93333333333, 5691.33333333333, 4525.46666666666, 3493.13333333333, 2428.66666666666, 6842.59999999999, 7986.66666666665, 4485.99999999999, 4513.86666666666, 2462, 3507.6, 5648.33333333332, 9927.66666666667, 2465.86666666666, 5648.99999999999, 2429.26666666666, 236.733333333333, 3521.2, 1277.4, 2454.33333333333, 3536.53333333333, 262.733333333333, 2407, 2409.33333333333, 1240.4, 3556.93333333333, 1297.93333333333, 2393.13333333333, 1344.06666666666, 3496.46666666666, 2396.33333333333, 2397.26666666666, 2407.93333333333, 4575.73333333333, 4620.26666666666, 2472.66666666666, 1173.6, 2374.53333333333, 9956.00000000003, 3430.2, 5626.4, 2396.93333333333, 5652.33333333332, 7959.93333333332, 2368.06666666666, 7903.59999999998, 3514.66666666666, 3571.93333333333, 4646.73333333333, 2424.86666666666, 11291.8, 2312.93333333333, 3554.46666666666, 2399.66666666666, 2431.4, 272.266666666667, 1331.8, 1265.26666666666, 3540, 10093, 207.066666666666, 13506.9333333334, 5807.46666666665, 3532.2, 5906.06666666666, 5734.66666666666, 5651.33333333333, 3561.8, 6846.06666666665, 2480.66666666666, 150.733333333333, 1309.33333333333, 3517.13333333333, 25164.9333333331, 
1140.06666666667, 1367.73333333333, 1264.33333333333, 2431.93333333333, 3546.46666666666, 3562.33333333333, 2518.26666666667, 1316, 2435.4, 1247.06666666666, 3536.53333333333, 1263.8, 4462, 3424, 2297.33333333333, 3438.33333333333, 1273.26666666667, 1287.73333333333, 3403.2, 3472.06666666666, 1315.26666666667, 3385.26666666666, 2438.66666666666, 5681.66666666666, 4511.66666666666, 3439.2, 2357.93333333333, 2366, 2323.73333333333, 2336.26666666667, 2390.06666666667, 4433.59999999999, 1245, 4620.93333333333, 4440.66666666667, 282.733333333333, 3470.53333333333, 1197.73333333333, 1260.4, 2360.6, 1226.33333333333, 1176.06666666666, 1248.26666666666, 1216.73333333333, 2419.26666666666, 2439.33333333333, 1182.6, 3577.8, 3400.66666666666, 4658.53333333333, 1209.93333333333, 1209, 3472.86666666667, 1214, 1281, 1160.4, 2257.53333333333, 3287.4, 4399.99999999999, 3528, 3513.73333333333, 6739.33333333331, 37593.9999999997, 23229.7999999999, 165511.000000008, 165311.000000009, 165447.800000008, 
151.333333333333, 1194.6, 1218, 3532.53333333333, 2461.53333333333, 1250.06666666666, 3539, 4619.53333333333, 2468.2, 1266.66666666666, 1260.4, 1250.06666666667, 2438.73333333333, 3515.73333333333, 3425.06666666666, 2334.66666666667, 1196.33333333333, 6676.06666666665, 3513.4, 5712.39999999999, 5659.53333333333, 3501.66666666666, 3446.73333333333, 4631.8, 2398.8, 2332.66666666666, 5654.66666666665, 2458.93333333333, 2383.26666666667, 5720.13333333333, 5721.2, 1242.73333333333, 2436.66666666666, 2255.2, 1313.46666666667, 3561.53333333333, 1242.13333333333, 2380.26666666666, 3554.46666666666, 3357.66666666667, 3559.93333333333, 3539.6, 3462.53333333333, 2515.2, 1262.06666666667, 2360.53333333333, 2476.33333333333, 2423.06666666667, 4549.93333333333, 2368.93333333333, 3526.06666666666, 3429.33333333333, 1261.8, 2341.2, 1297.93333333333, 3496, 2432.66666666666, 1363.2, 2412.93333333333, 2295.86666666666, 1347.46666666666, 1291.86666666666, 3445.13333333333, 3419.33333333333, 2254.46666666666, 5658.53333333333, 1287, 4647.8, 1347.66666666667, 3409, 7878.06666666665, 1328.13333333333, 1284.06666666666, 1327.26666666667, 3407.33333333333, 6895.46666666666, 7944.73333333333, 6657.4, 3406.4, 3512.86666666666, 2342.46666666666, 2457.06666666666, 2413.2, 3563.33333333333, 4600.73333333333, 1288.13333333333, 3425, 3502.8, 2442.33333333333, 4678.93333333333, 4604.8, 2371.66666666666, 5718.46666666666, 3629.6, 6709.93333333333, 2412.4, 5730.13333333333, 2313.4, 3613.53333333333, 8895.66666666667, 1339.06666666666, 4637.86666666666, 2369.53333333333, 12295.3333333334, 1293, 4545.53333333333, 2323.4, 4659.46666666667, 1323.93333333333, 3551.53333333333, 1314.13333333333, 4670.26666666666, 4641.46666666666, 1290.53333333333, 2439.73333333333, 2409, 1354.2, 6749.26666666665, 1365.6, 3537.6, 4596.99999999999, 2434.4, 1330.2, 1313.93333333333, 4589.26666666666, 
182.666666666666, 1188.26666666667, 1308.4, 1283.06666666666, 1230, 1278.93333333333, 2322.06666666667, 1249.66666666666, 3420.93333333333, 1223.06666666667, 1218.06666666666, 2381.73333333333, 2308.33333333333, 1340.66666666667, 1214, 4651.86666666666, 1325.4, 2448.26666666666, 1277.66666666667, 1224.33333333333, 1272.33333333333, 1218.06666666666, 2422.86666666667, 2335.33333333333, 2378.4, 3558.33333333333, 2464.66666666666, 2386, 1315.26666666667, 1235.86666666667, 1277.4, 5691.19999999999, 1286.6, 1224, 2302.4, 1284.4, 1230, 2408.6, 2354.06666666667, 1223, 2335.33333333333, 2405.6, 1229.06666666667, 2465.4, 2335.6, 2412.13333333333, 3522.4, 3564, 1213, 1232.66666666666, 3541.26666666666, 1256.73333333333, 1240.4, 1364, 1314.06666666667, 1304.4, 1243.4, 1275.73333333333, 2404, 1233, 1222.4, 2412.33333333333, 1296.33333333333, 1230.66666666667, 1259.73333333333, 2377.26666666666, 2409.93333333333, 1354.66666666667, 3514.33333333333, 1295.4, 3511.66666666666, 1230.66666666667, 1260.33333333333, 1323.33333333333, 2334.4, 1264.33333333333, 4625.59999999999, 2329, 1224.26666666667, 1240.33333333333, 1297, 1325.6, 1269.73333333333, 3538.2, 3465.06666666666, 1350.06666666666, 1314.06666666667, 2451.13333333333, 1275.46666666666, 2433.93333333333, 1256.33333333333, 1242.06666666667, 2322.8, 2417.4, 3524.06666666666, 2470.86666666667, 2406.93333333333, 1265.33333333333, 5637.86666666666, 1268.06666666667, 2321, 1275.73333333333, 1228.73333333333, 1239.4, 1222.53333333333, 2415.8, 1323.4, 1301.4, 1257.66666666666, 2364.46666666666, 2436.93333333333, 1272.66666666666, 2466.73333333333, 2387.73333333333, 1285.2, 1400.46666666666, 2486.66666666666, 2417.6, 2434.13333333333, 1271.53333333333, 2308.33333333333, 3430.26666666666, 4683.33333333333, 2406.33333333333, 3579.73333333333, 
1208.46666666666, 1183.33333333333, 2278, 29679.0666666664, 38173.7999999996, 67795.4666666661, 35151.1999999996, 163591.266666675, 62220.0666666665, 165370.000000008, 165049.000000008, 165492.266666675, 
186.4, 1300.2, 1204.06666666667, 1216, 2399.26666666667, 1215.4, 1342.6, 3444.33333333333, 1315.73333333333, 1259.66666666666, 1227.06666666667, 1232.93333333333, 1241.73333333333, 2394.33333333333, 2499.2, 1217, 1303.33333333333, 1230.66666666667, 1278, 1362.46666666667, 2298.53333333333, 1267, 2312.26666666667, 1219, 1263.73333333333, 1255, 1230.33333333333, 1269.66666666666, 1248.33333333333, 4573, 3501.4, 2302.73333333333, 1291, 3480.86666666666, 1249.86666666666, 1229.66666666667, 3547.8, 2310.06666666666, 1309.2, 3452.93333333333, 1333.13333333333, 2435.66666666666, 1292.4, 1251.13333333333, 4526.59999999999, 3541.93333333333, 1280.53333333333, 1239.4, 1293.86666666666, 3475.13333333333, 1265.2, 1226.66666666667, 2419.13333333333, 2406.46666666666, 1293.26666666666, 4483.06666666666, 2441.46666666666, 3589.53333333333, 2419.46666666667, 2433.66666666666, 2365.2, 2442.06666666666, 2317.86666666667, 1378.6, 2401.2, 1343.93333333333, 1236.33333333333, 2479.06666666666, 1260.53333333333, 1366.26666666667, 1299.13333333333, 1337.93333333333, 1278.13333333333, 1298.73333333333, 3493.06666666666, 1251.06666666666, 1233.33333333333, 2416.8, 1326.86666666666, 1277.66666666667, 2433.66666666666, 1270.4, 1237.06666666666, 1381.73333333333, 1318.2, 1250.86666666666, 3527.6, 1226.4, 3529.4, 3491.73333333333, 1283.46666666666, 2461, 2314.33333333333, 1251.13333333333, 1345.13333333333, 2334.6, 2341.66666666666, 4591.4, 1284.4, 1254.06666666666, 2367.8, 2413.73333333333, 1290.66666666666, 1268.73333333333, 2391.8, 2421.4, 1284.33333333333, 2434.6, 2340.93333333333, 2349.66666666667, 2415, 1277.66666666667, 1237, 3459.06666666666, 1229, 1244.06666666666, 1309.53333333333, 1248.4, 6755.53333333332, 2384, 1240.06666666666, 1218.4, 1230.4, 1228, 2379.2, 
1268.33333333333, 1297.73333333333, 3388.33333333333, 1315.33333333333, 54730.9999999997, 84135.1333333316, 39259.8666666663, 29696.8666666663, 51459.7333333329, 164060.600000008, 46310.6666666663, 30026.0666666665, 104969.666666664, 164219.666666675, 164888.066666674, 162369.533333341, 164070.266666675, 163943.666666675, 164212.666666675, 
208, 1198.33333333333, 58410.6666666661, 163420.666666675, 50336.3999999996, 71494.0666666658, 51371.6666666663, 12374.0666666667, 165861.200000008, 164265.200000008, 164948.866666675, 
14303.0000000001, 2341.73333333333, 8997.4, 25218.9999999998, 11169.4666666667, 77943.4666666654, 165526.266666675, 165619.600000008, 165626.666666676, 
3495.73333333333, 2388.66666666666, 1230.33333333333, 2400, 3559.6, 1175.93333333333, 2381.06666666666, 1281.66666666667, 1192.66666666666, 1201, 2395.33333333333, 1248.6, 2422.93333333333, 1316.73333333333, 1179.73333333333, 3328.86666666666, 3452.73333333333, 1188, 1171.93333333333, 2302.66666666666, 1262, 1262.93333333333, 2246.2, 3532.39999999999, 2331.13333333333, 1227.13333333333, 1216.53333333333, 1214.6, 4533.13333333333, 2436.26666666666, 2336.53333333333, 2311.73333333333, 2403.8, 3484.33333333333, 2244.46666666666, 1218.86666666667, 1245.4, 1210.4, 2274, 3456.46666666666, 1323.93333333333, 2410.53333333333, 1239.4, 1209.06666666667, 2409.66666666667, 1341.26666666667, 3453.66666666666, 1269.26666666666, 1271.86666666667, 1230.2, 2407.66666666666, 1223.53333333333, 2359.33333333333, 1214.93333333333, 3506.4, 1268.4, 4530.86666666666, 2415.06666666666, 1312.2, 2408.4, 3451.93333333333, 2385.73333333333, 1189.33333333333, 3471.93333333333, 1298, 1189.66666666666, 2319.66666666667, 2412.33333333333, 2434.06666666666, 1329.33333333333, 1275.53333333333, 3485.33333333333, 2394.13333333333, 3412.26666666666, 2310.93333333333, 1254.66666666666, 1330.53333333333, 3470.53333333333, 1343.73333333333, 1238, 1235.66666666666, 1231.53333333333, 2411.13333333333, 1232.93333333333, 1273.33333333333, 2377.73333333333, 3429.13333333333, 2361, 1218.46666666667, 1283.4, 1226.8, 1309.66666666666, 2442.6, 1209.66666666666, 1253.73333333333, 1347.73333333333, 2350.8, 1346.66666666667, 3483.66666666666, 2321.6, 1245.33333333333, 1194.66666666667, 1199.06666666666, 2265.66666666666, 1289.66666666667, 2467, 1244.4, 1325.06666666667, 1199.33333333333, 1223.73333333333, 3468.26666666666, 1200.66666666666, 1299.66666666667, 1219.66666666667, 3452.4, 3382.93333333333, 1311.06666666667, 1204.86666666667, 1202.93333333333, 2483.8, 1155.53333333333, 1270.53333333333, 1222.06666666667, 3457.66666666667, 2249.73333333333, 
178, 3329.33333333333, 1225.33333333333, 3515.66666666667, 2383.4, 3268.93333333333, 2385.26666666667, 6772.33333333332, 1257.33333333333, 2208.93333333333, 4505.39999999999, 3500.06666666666, 2395.93333333333, 4502.4, 288.066666666667, 2429.86666666666, 4583.26666666666, 291.4, 1299.46666666667, 3536.06666666667, 5663.06666666666, 4508.53333333333, 5715.4, 12368.1333333334, 5729.13333333332, 2386.46666666666, 3484.2, 15596.0000000002, 6856.59999999999, 6749.59999999999, 12267.0000000001, 14561.7333333335, 15423.1333333335, 7924.39999999998, 13366.0666666668, 4532.13333333333, 13320.4000000001, 2407.93333333333, 3521.73333333333, 6774.33333333332, 5707.66666666666, 13304.7333333334, 9034.13333333334, 2453.2, 26767.2666666665, 6752.79999999999, 11176.3333333334, 13446.8000000001, 14428.8666666668, 12346.0666666667, 23306.5999999999, 28525.3333333331, 5757.39999999999, 18830.4000000001, 20079.8, 11317.8, 13273.4666666668, 22117.9333333333, 13399.1333333334, 6698.99999999999, 17683.4666666668, 1294.4, 4650.73333333333, 21226.4666666667, 14529.6000000001, 136038.73333333, 102847.199999997, 128063.799999995, 163637.666666675, 127917.999999995, 165231.600000009, 53596.6666666663, 99215.3999999971, 163697.933333342, 163818.000000008, 152858.800000004, 163698.866666675, 163622.266666674, 14305.4666666668, 163804.333333342, 163659.600000008, 163827.600000008, 
204.733333333333, 1187.66666666667, 1233.66666666666, 6562.26666666666, 2247, 7748.39999999999, 6737.66666666665, 3406.2, 5633.66666666665, 14584.6000000001, 4523.39999999999, 2441.4, 6867.06666666665, 8926.73333333334, 5664.99999999999, 1337.93333333333, 5668.19999999999, 2389.06666666667, 3506.53333333333, 3523.86666666666, 4583.6, 2384.13333333333, 6770.53333333332, 2415.33333333333, 10152.3333333334, 5559.59999999999, 1343.53333333333, 2386.2, 2497.6, 3508.73333333333, 2368.73333333333, 4620.73333333333, 3551.53333333333, 15629.8666666668, 2382.73333333333, 1317.66666666667, 7711.99999999999, 25456.9333333332, 17969.7333333334, 4648.33333333333, 4577.66666666666, 11143.3333333334, 10163, 11196.3333333334, 25389.7999999999, 4639.33333333333, 5750.39999999999, 11214.5333333334, 7889.59999999998, 27549.7333333332, 9933.06666666669, 2347.73333333333, 24250.6666666666, 6781.99999999998, 4551.93333333333, 12390.5333333334, 3581.46666666667, 7775.26666666665, 10089.4, 4568.13333333333, 7940.06666666665, 6810.53333333333, 1316.8, 3520.86666666666, 14393.3333333335, 17925.2666666668, 4549.46666666666, 18916.0000000001, 457.6, 5704.19999999999, 20986.5333333333, 6810.13333333332, 9149.20000000001, 3518.93333333333, 8940.26666666667, 8925.8, 4641.93333333333, 4615.66666666666, 7879.06666666665, 3500.13333333333, 3589.06666666666, 2351.06666666666, 2275.06666666666, 7862.99999999999, 10096.6666666667, 2457.26666666666, 5812.99999999999, 29905.1333333331, 7967.66666666665, 10219.8666666667, 2381.8, 19894.1333333334, 14392.4666666668, 3607.86666666666, 28824.2666666665, 6838.73333333332, 34000.6666666663, 415.333333333333, 14529.7333333335, 4789.79999999999, 11368.8666666667, 10174.0666666667, 17780.6000000001, 14555.6666666668, 3572.53333333333, 20994.6666666667, 3436.6, 4583.73333333332, 3515.2, 11356.8, 5737.66666666666, 4643.26666666666, 6787.73333333332, 1367.73333333333, 4542.73333333333, 4541.13333333333, 2520.33333333333, 4629.66666666666, 5656.73333333333, 7862.26666666665, 2469.66666666666, 9014.93333333333, 3553.6, 6712.33333333332, 4622.6, 
203.666666666666, 1250.93333333333, 16222.4000000002, 2261, 5497.73333333332, 6832.59999999998, 248.533333333333, 11341.3333333334, 24240.3333333332, 18849.9333333334, 7842.93333333332, 164212.066666675, 90902.0666666646, 164564.800000009, 165127.333333342, 165407.533333341, 
170.466666666667, 1133, 1236, 1159, 1165.66666666667, 1190.93333333333, 1226.86666666666, 3439.93333333333, 1214.4, 1202.66666666667, 2377.6, 1160.66666666666, 1169, 2295.26666666666, 1217.73333333333, 1159.93333333333, 2217.66666666666, 1178.73333333333, 2241.2, 1205, 1224.4, 1230.06666666666, 1186.26666666667, 1199.66666666667, 1198, 1206.73333333333, 226.666666666667, 1199.33333333333, 1208.66666666666, 1217, 1197.33333333333, 2276.66666666666, 1216.33333333333, 1197.66666666666, 1208, 1204, 2398, 236.066666666667, 4547.66666666666, 1209.93333333333, 1215.33333333333, 243.333333333333, 1179.66666666666, 1272.6, 1197.93333333333, 1197.6, 145.066666666667, 2295.26666666666, 238.6, 1163.73333333333, 1196, 1192.6, 1251, 1271.66666666667, 189.133333333333, 2298.53333333333, 1256.2, 1228.26666666667, 195.733333333333, 1249.2, 1280.33333333333, 1379.53333333333, 1276, 4507.46666666666, 2407.33333333333, 1263.06666666666, 252.133333333333, 2336.53333333333, 1247.06666666667, 1278.33333333333, 1282.33333333333, 1222.6, 1232, 1240.13333333333, 1238.46666666666, 2330.6, 1230.73333333333, 2321.13333333333, 2395.66666666667, 1272.6, 2264.73333333333, 2331.73333333333, 1283.2, 1268.26666666667, 1271.4, 1264.53333333333, 1220.53333333333, 1228.13333333333, 2283, 1240.8, 1257.66666666667, 1254.33333333333, 1285.86666666666, 1257.13333333333, 213.866666666667, 1241.8, 1271.2, 3402.2, 2363.4, 1256.8, 1313.8, 1333.26666666667, 1311.86666666666, 1243.86666666667, 1233.33333333333, 244.533333333333, 214.866666666667, 217, 2334.53333333333, 171.4, 2368.13333333333, 1229.13333333333, 1255, 196.2, 2322.53333333333, 1250.73333333333, 228, 205, 1291.26666666666, 226.733333333333, 2328.53333333333, 1222.8, 290.333333333333, 1231.4, 1236.66666666667, 
1145, 1160.4, 1126.26666666667, 1187.33333333333, 2252.4, 2289.33333333333, 2268.66666666667, 4511.13333333333, 3421.66666666666, 1204.33333333333, 1264.06666666666, 1234.33333333333, 5663.26666666666, 1253, 1267.93333333333, 1220.93333333333, 2249.26666666666, 1213.86666666666, 2343, 4591.79999999999, 1249.66666666667, 2320.6, 1256.4, 2367.73333333333, 1223.53333333333, 1211.53333333333, 1273.6, 1284, 3493.06666666666, 1232.73333333333, 1248.53333333333, 1238.46666666667, 1275.6, 1252.2, 1306.86666666666, 2385.73333333333, 2290.46666666666, 1253.8, 1222, 1278.4, 3449.66666666667, 1219.06666666666, 1263, 2350.06666666666, 2299.06666666666, 1249.06666666666, 2326.26666666667, 1222, 2375.86666666667, 2382, 5596.99999999999, 1225.8, 3522.46666666667, 2312, 3430.4, 1226.6, 2374.73333333333, 1251.26666666666, 1246.86666666666, 2326.53333333333, 2363, 4586.79999999999, 2331.4, 2338.26666666666, 5644.06666666666, 1253.4, 3393.53333333333, 2260.53333333333, 2339.06666666666, 2374.06666666666, 1237.53333333333, 1283.46666666667, 2393.06666666667, 2358.13333333333, 3368.73333333333, 1308.73333333333, 1256.2, 2311, 4593.4, 1252.26666666667, 3464.06666666666, 3315.6, 2399.6, 2376.86666666666, 2345.2, 1253, 2329.93333333333, 1241, 1249, 5557.99999999999, 1243.8, 2433.53333333333, 1313.4, 3436.33333333333, 2254.73333333333, 1247.8, 3307.66666666666, 5533.46666666666, 4579.93333333333, 1264.33333333333, 1208, 4636.59999999999, 1239.4, 1275.8, 1263.66666666667, 2326, 1273.73333333333, 1262.33333333333, 1270.33333333333, 3363.06666666666, 3462.26666666666, 1286.53333333333, 11133.5333333334, 1282.46666666667, 7878.39999999999, 1275.86666666667, 1252.66666666666, 6796.73333333333, 1275.4, 1281.26666666666, 1306.46666666667, 4522.33333333333, 3459.06666666666, 5642.26666666666, 2390.26666666666, 
121.666666666666, 1272.66666666667, 1286, 2405.26666666666, 1320.66666666666, 1297.33333333333, 1218.33333333333, 3512.06666666666, 2406.66666666667, 1199.73333333333, 1205, 1270.4, 1244.93333333333, 1231.33333333333, 1259.46666666667, 2425.26666666666, 1247.06666666666, 2426.93333333333, 253.4, 1246.33333333333, 1310.26666666666, 1260.73333333333, 2426.4, 1327.4, 1228.33333333333, 1228.33333333333, 1217.4, 1247.33333333333, 1275.4, 1253.93333333333, 1269.66666666667, 1221.6, 1215.33333333333, 1320.6, 1310.4, 1241.33333333333, 1223.33333333333, 1252.66666666666, 1263.73333333333, 3441.93333333333, 1333.33333333333, 1228.4, 1237.73333333333, 2431.4, 1273, 1251.66666666666, 3407.8, 2469.73333333333, 1229.06666666667, 2429.46666666667, 1230.66666666666, 1230, 2374.66666666666, 2435.13333333333, 1206.06666666667, 1334.66666666666, 1203.06666666666, 1230.66666666666, 1311.86666666666, 2393.73333333333, 4594.06666666666, 1281.73333333333, 1319, 1330.4, 1351.86666666666, 1217.06666666666, 1386.6, 1248, 1252.26666666667, 1317, 1239, 2381.4, 1263.13333333333, 1258, 2401.86666666666, 2393, 1200, 1281.4, 2335.26666666666, 1358.33333333333, 1230.66666666666, 2451.66666666666, 1203.93333333333, 1251.33333333333, 1231.46666666666, 1228.33333333333, 1263.46666666667, 2442.8, 2448.73333333333, 1199.66666666667, 1244.33333333333, 3504.66666666666, 3550, 1320.53333333333, 2358.26666666667, 1278.33333333333, 1238.66666666667, 1258.73333333333, 1227.66666666667, 1294, 1251.33333333333, 2373.4, 2408.4, 1216, 1201, 1204, 1256.13333333333, 2380.6, 1344, 1303.26666666667, 2376.66666666666, 1309, 1268.33333333333, 2462, 1359.2, 3480.93333333333, 2342.33333333333, 2300.6, 1264.33333333333, 1222.66666666667, 1341.06666666666, 1258.66666666666, 1297.46666666667, 1359.93333333333, 1227.66666666666, 
1190, 2292.6, 3403.26666666667, 33016.6666666664, 10071.4, 28386.0666666665, 26321.0666666665, 40752.4666666662, 23222.5333333333, 45532.6666666663, 19992.1333333333, 40691.733333333, 14448.6000000002, 32039.8666666663, 13449.0666666668, 47399.5999999996, 22116.8, 10137.7333333334, 26539.9999999998, 39543.3333333328, 9989.00000000003, 3480.33333333333, 13445.4000000001, 20026.6, 10129.2, 22254.6, 12294.0000000001, 39535.733333333, 16727.4666666668, 164443.600000008, 43245.0666666662, 164855.266666675, 128424.666666663, 164982.666666675, 165075.000000008, 165121.133333341, 
105.466666666667, 3538.33333333333, 6585.06666666666, 1316.73333333333, 3617.19999999999, 2415.06666666667, 1283.13333333333, 1292.33333333333, 1296.06666666666, 2247.73333333333, 1271.06666666666, 3561.13333333333, 1256.06666666666, 1361.4, 1233.66666666666, 1287.73333333333, 1232, 1292.66666666666, 4539.6, 1375.8, 1264.66666666667, 2434.06666666666, 2413, 2416.93333333333, 1243.06666666666, 3294.93333333333, 1264.06666666667, 3441.66666666666, 2304.33333333333, 1266.4, 2416.33333333333, 2445.66666666666, 1302.06666666667, 4545.86666666666, 3506.26666666666, 3521.93333333333, 2373.33333333333, 2351, 1268.33333333333, 2494.2, 1289.4, 2409.2, 4559.46666666666, 13324.1333333334, 5723.73333333332, 16606.4000000002, 36605.9999999996, 26371.7999999998, 27686.1999999998, 31039.9333333331, 23228.3333333333, 4658.66666666666, 4576.4, 12321.5333333334, 3521.06666666666, 16711.4666666668, 17691.1333333335, 42098.3999999996, 32907.4666666663, 8991, 4638.06666666666, 13403.6666666668, 11179.4000000001, 3474.4, 17642.8666666668, 14437.6000000001, 5723.53333333332, 40877.9999999996, 10013.8, 93294.9999999978, 15675.0666666668, 43904.9999999995, 12239.0666666667, 20063, 36368.1999999996, 32985.4666666663, 2440.8, 91001.6666666648, 76734.7999999987, 29742.3999999998, 79993.1333333322, 24077.3999999999, 77668.2666666654, 75492.9999999987, 32110.2666666663, 84671.3999999983, 53189.5999999995, 36562.2666666663, 34079.733333333, 5857.79999999999, 25510.3999999999, 8121.06666666666, 51604.7999999995, 31899.0666666664, 12298.4000000001, 52631.1333333328, 30925.9333333331, 80252.3333333323, 131767.733333329, 76866.3333333322, 39659.2666666663, 55171.0666666662, 59174.9999999995, 53770.5333333329, 44080.3999999997, 58205.1333333328, 30771.7999999997, 6788.59999999998, 14449.3333333335, 71248.466666666, 37390.0666666663, 47134.733333333, 45397.8666666662, 56021.3999999994, 99807.1333333307, 40718.7999999996, 71384.599999999, 24389.0666666666, 27500.1999999998, 5671.46666666666, 34283.7333333329, 23132.4666666666, 43079.3999999997, 54755.4666666663, 35362.133333333, 
184.133333333333, 1172.33333333333, 2359.66666666666, 1261, 1261, 5581.99999999999, 12196.4000000001, 15574.9333333335, 24238.7999999999, 104242.333333331, 40660.6666666663, 23335.2666666666, 26382.1333333332, 45236.7999999996, 7821.46666666665, 17846.7333333334, 18818.0666666667, 5797.06666666666, 27602.3999999998, 43099.733333333, 49455.8666666663, 31057.0666666663, 39551.0666666664, 16780.2000000001, 22247.7333333333, 24321.2666666666, 62953.1999999993, 9081.39999999999, 32145.7999999997, 30884.9333333331, 12344.8000000001, 46358.1999999995, 41870.3999999995, 41889.7999999996, 18908.3333333334, 39497.9999999997, 34144.133333333, 23229.4666666666, 64592.6666666663, 65908.133333333, 50674.3333333329, 45497.9333333328, 4617.99999999999, 22082.7333333333, 25428.5999999998, 26591.3333333332, 1274.73333333333, 42909.3333333331, 13459.8666666668, 14381.2000000001, 3502.93333333333, 38645.1999999997, 20023.4, 57810.7333333329, 5685.26666666665, 1315.4, 42927.6666666663, 20996.9333333333, 3453.06666666666, 4599.39999999999, 41970.6666666663, 51579.7999999995, 29803.6666666664, 15651.2000000002, 20136.2, 21042.9333333333, 52856.3333333328, 46406.2666666663, 32020.3333333331, 20122, 37406.5333333329, 20835, 14706.7333333335, 39652.6666666663, 41101.4666666662, 3564.13333333333, 29971.0666666664, 24406.3333333332, 12321.1333333334, 29785.5999999998, 45443.4666666662, 16790.4666666668, 36591.9999999997, 40659.9999999996, 45158.1999999996, 43965.5999999996, 1409.26666666667, 78223.4666666652, 25298.3999999998, 17659.2666666668, 60631.9999999994, 17723.0666666668, 4577.53333333333, 76801.333333332, 55844.6666666663, 42048.3999999996, 37297.4666666663, 25275.3333333332, 2378.73333333333, 52690.9333333329, 8933.13333333333, 17772.6000000001, 56920.3333333331, 15661.7333333335, 12248.9333333334, 25332.2666666665, 4689.06666666666, 11139.8000000001, 5684.39999999999, 17908.9333333334, 76913.0666666656, 15670.4000000002, 120344.333333329, 15565.0000000002, 45223.3999999996, 13458.6000000001, 105065.33333333, 50765.7999999996, 61387.9999999995, 48249.1999999996, 6844.26666666666, 90165.7333333314, 22067.7999999999, 49530.8666666662, 74575.4666666654, 
1139.66666666667, 7736.33333333332, 2398.26666666667, 11001.1333333334, 164670.000000008, 106896.933333331, 163078.666666675, 163194.600000008, 164161.933333341, 
1325.26666666667, 2270.33333333333, 5690.79999999999, 3483.8, 3401, 6796.06666666665, 2471.33333333333, 3576.4, 2375.46666666666, 1263.33333333333, 2358.6, 3544.26666666666, 3537.33333333333, 1307, 2377.86666666666, 3506.93333333333, 1273, 1219.66666666667, 6657.66666666665, 4671.66666666666, 3338.73333333333, 2377.4, 2411.33333333333, 1281.13333333333, 3447.39999999999, 1248.6, 2448.73333333333, 1276.06666666667, 2433.53333333333, 2450.13333333333, 1274.46666666666, 1253.46666666666, 2352.4, 5694.53333333333, 2271.73333333333, 1245.06666666666, 1243.4, 2254.66666666666, 3493.8, 3474.06666666666, 3374.53333333333, 2255.66666666666, 1333.06666666667, 2334, 5734.33333333332, 5614.46666666666, 7741.73333333332, 1236.26666666666, 1352.53333333333, 1238, 3549.66666666667, 1271.06666666667, 2441.66666666666, 4596.06666666666, 1275.66666666667, 2429.26666666667, 1266.06666666666, 3505.26666666666, 2298.6, 1277.73333333333, 1262.4, 2292.66666666667, 2299.4, 2407.06666666666, 3539.13333333333, 2324.26666666667, 2369, 2423.53333333333, 1280.06666666667, 2454.13333333333, 3403.4, 3521.73333333333, 2334.66666666666, 2396.4, 3542.46666666666, 2405.06666666667, 1284.4, 3479.33333333333, 3492.13333333333, 2422, 2417, 1327.46666666667, 1239.46666666666, 1282.33333333333, 2396.4, 1278.46666666666, 1241.33333333333, 3537, 3473.86666666666, 330.066666666667, 5700.93333333332, 3483, 4599.66666666666, 2265.06666666666, 3577.66666666666, 1289.26666666666, 11113.3333333334, 5606.06666666666, 2414.33333333333, 2511.6, 2317.93333333333, 1263.33333333333, 2432.26666666666, 4546.66666666666, 3525.53333333333, 7875.13333333332, 5633.13333333332, 1257, 3379.66666666667, 3416.73333333333, 1317.06666666666, 2216, 1239.73333333333, 2417.8, 2429.06666666666, 3481.06666666667, 2454.2, 3517.66666666666, 4648.99999999999, 6672.99999999999, 2395.13333333333, 2427.53333333333, 2391.73333333333, 3420, 1285.33333333333, 
2290, 1201.33333333333, 3507.8, 1293, 1203.73333333333, 1246.26666666666, 1183.73333333333, 2357.26666666666, 1277.66666666666, 1307.4, 1221.6, 2247.93333333333, 1213.73333333333, 2441.33333333333, 2265.33333333333, 2303.66666666666, 2328.06666666666, 2403, 1281, 1216, 1296.33333333333, 1285.6, 1266.73333333333, 2455.26666666666, 1235.4, 1289.66666666666, 2421.73333333333, 2362.33333333333, 1237.66666666667, 1291.73333333333, 1277.4, 1319.66666666666, 4537.2, 1235.06666666667, 1272.86666666666, 1296.33333333333, 1229.4, 1228.66666666666, 1301.66666666667, 2404.66666666666, 3487.4, 1226.06666666667, 1286.33333333333, 2450.4, 2459.46666666666, 3475.73333333333, 1337.66666666667, 2390, 1295, 1219.66666666667, 1239, 1238.06666666667, 1225, 1233.46666666666, 2354.66666666666, 2415.33333333333, 1225.93333333333, 2320, 2394.33333333333, 2310.6, 1229, 3440.93333333333, 1321.8, 1323.8, 2376.4, 2381.66666666667, 2392, 2422.86666666666, 2411, 4615.33333333333, 2497, 1236.4, 1265.33333333333, 2410, 2370.73333333333, 1248.13333333333, 2433.13333333333, 1305.46666666666, 1358.4, 2377.93333333333, 1291.33333333333, 2434.2, 1231.73333333333, 1295.06666666667, 1284.46666666666, 1247.73333333333, 2365.73333333333, 1248.4, 1221, 1262.66666666667, 1281.73333333333, 2448.33333333333, 1277.73333333333, 1240.06666666666, 2408.33333333333, 1260, 2413.6, 1343.86666666666, 2275.8, 1255.66666666666, 1267.33333333333, 3553.46666666666, 1227.33333333333, 1219.26666666666, 1305.86666666667, 2477.66666666666, 2419, 1260.66666666666, 1286.46666666667, 1179.8, 1350.4, 4623.46666666666, 2478.26666666666, 1251.86666666667, 2399.66666666666, 1326.53333333333, 2287.26666666666, 1221.33333333333, 1285.73333333333, 2350, 3510.66666666666, 1246.2, 1195.73333333333, 2255.73333333333, 1208.86666666667, 
1186.6, 1205.33333333333, 1168, 1230.13333333333, 1188.93333333333, 1225.4, 1158.66666666666, 1205.6, 2263.93333333333, 1172.4, 1189.93333333333, 2351.66666666666, 2299.4, 2371.73333333333, 1246.06666666667, 1194.66666666666, 1201.4, 1300.8, 1277.06666666666, 4531.73333333332, 1191.8, 1182.8, 1218.66666666666, 1211.06666666667, 1197.46666666667, 1196.13333333333, 1176.66666666666, 1290.26666666666, 1192.06666666667, 1286.4, 1278.53333333333, 3437, 2400.06666666666, 2377.46666666666, 1186.13333333333, 1223.8, 3489.06666666666, 1172, 1215.53333333333, 1191.2, 2339.4, 2372.46666666666, 2348.06666666666, 1176.4, 1178.73333333333, 3501.66666666666, 4522.19999999999, 2346.6, 1233.13333333333, 1218.4, 2407.53333333333, 1317.2, 1205.2, 154.6, 1247.33333333333, 2365.2, 1258.33333333333, 1296.73333333333, 1261.13333333333, 1276.33333333333, 1271.2, 3517.66666666666, 1296.86666666667, 1223.33333333333, 2354.53333333333, 4511.99999999999, 2387.4, 1207.93333333333, 1261.8, 2398.73333333333, 1242.93333333333, 1304.13333333333, 1313.86666666667, 1295.73333333333, 1235.06666666666, 2328.66666666666, 2369.33333333333, 1319.13333333333, 1221.46666666666, 1292.53333333333, 3522.66666666666, 1198.4, 3498.73333333333, 1222.2, 1236.53333333333, 2380.13333333333, 2360.66666666666, 1246.73333333333, 1249.53333333333, 1259.2, 2411.46666666666, 1312.13333333333, 2340.93333333333, 2405.46666666666, 1222.93333333333, 1301.33333333333, 1200.13333333333, 2387.46666666667, 1341.93333333333, 2341.4, 1302.4, 1295.13333333333, 1342.53333333333, 1279.13333333333, 2389.4, 1282.4, 1173.46666666667, 1341.2, 1280.8, 1287.73333333333, 1274.6, 1294.6, 1312.33333333333, 1276.66666666667, 1239.4, 1304.13333333333, 2441.06666666666, 2463.06666666666, 3435.73333333333, 4509.53333333332, 1294.8, 4626.99999999999, 3475.86666666666, 1298.2, 1298.06666666666, 
220.4, 7693.26666666665, 6764.13333333333, 3475.66666666666, 17517.0000000001, 2326.66666666666, 4478.79999999999, 11005.4000000001, 8860.13333333334, 16489.9333333335, 3373.53333333333, 6627.39999999999, 4544.99999999999, 20752.2000000001, 80813.1333333322, 31881.3999999997, 108725.666666664, 3434.6, 30634.9999999996, 33107.7999999996, 7884.06666666665, 165038.200000008, 164272.933333342, 139204.799999999, 98745.3333333309, 71323.2666666657, 163995.333333342, 151791.66666667, 55393.6666666661, 3572.2, 10275.4666666667, 14556.2000000001, 121415.666666664, 160809.200000007, 119694.399999996, 165158.333333342, 164944.600000009, 2504.26666666666, 164926.666666676, 165147.866666675, 165130.266666675, 
1238.73333333333, 1377.73333333333, 2355.26666666667, 1251.33333333333, 2387.2, 1196.33333333333, 2358.66666666666, 2259.26666666666, 2330.66666666667, 1185.33333333333, 2212, 2355.33333333333, 1217.66666666667, 1307.46666666666, 3489.66666666666, 2451.73333333333, 2384.06666666667, 1253.73333333333, 1202.66666666666, 1210.46666666667, 1292.86666666667, 2251.33333333333, 6700.39999999999, 3371.4, 1285.4, 1182.26666666666, 2242.4, 1162.4, 1148.53333333333, 2385.79999999999, 2397.6, 1153.93333333333, 1160.46666666667, 1162.33333333333, 1205.66666666666, 3358.13333333333, 2364.33333333333, 2295.13333333333, 2400.8, 3408.33333333333, 2259.06666666667, 1199.33333333333, 1133.33333333333, 3398.26666666666, 2251.53333333333, 1136.73333333333, 2330.66666666666, 3415.73333333333, 2360.13333333333, 2424.06666666666, 2380, 1172.73333333333, 1221.4, 1242.13333333333, 2392.66666666667, 1218, 2204.66666666666, 2284.73333333333, 2329.26666666666, 2467.53333333333, 1369.13333333333, 1158.06666666667, 2306.93333333333, 2337.06666666666, 3491.46666666666, 2349.59999999999, 2288.2, 1197, 1216.33333333333, 2337.4, 2311.66666666666, 1243.53333333333, 1208.66666666666, 2342.66666666666, 2377.46666666666, 3419.73333333333, 1288.4, 2266.2, 2292.6, 4585.66666666666, 1272.2, 1199.2, 3490.86666666666, 2332.13333333333, 2311.13333333333, 1205.4, 1203.26666666667, 1277.6, 1250.46666666666, 2283.93333333333, 1318.13333333333, 1224.4, 1304.26666666666, 1227.33333333333, 4641.86666666666, 1317.86666666666, 1210.8, 1236.8, 2415.13333333333, 1262.2, 1258.4, 1210.13333333333, 1222.4, 3325.73333333333, 3498.06666666667, 1230.6, 2391.4, 1189.73333333333, 2405.86666666666, 2367.26666666666, 1211.93333333333, 2303.53333333333, 1221.46666666666, 1212.8, 1208, 2264.93333333333, 1286.4, 3371.2, 1212.4, 1236.06666666666, 2382.86666666666, 2260.06666666667, 1211.46666666667, 1230.8, 1255.73333333333, 
233.8, 1397.8, 2384.6, 1281.66666666666, 3421.06666666666, 1294, 3501.53333333333, 1282.86666666667, 1263.73333333333, 1339.33333333333, 1257, 1269.6, 1259.53333333333, 2368.86666666666, 2486.33333333333, 2415.6, 1257.4, 2362, 4610.33333333332, 2359.53333333333, 2385.66666666667, 1306.46666666666, 3561.33333333333, 4639.86666666666, 2428.73333333333, 1323.2, 4646.13333333333, 1259.2, 1255.8, 2456.73333333333, 1322.4, 1333.46666666666, 1277.4, 2410.4, 1286.86666666666, 1295.2, 2374.73333333333, 4701.06666666666, 1336.66666666667, 2387, 3574.6, 2366.46666666666, 1262.8, 1271.86666666667, 1324.66666666667, 1246.73333333333, 1287.06666666667, 2451, 1287.53333333333, 1245.4, 5700.8, 3542.53333333333, 2396.4, 3524.99999999999, 3520.53333333333, 3413.33333333333, 1352.2, 2447.06666666667, 1293.2, 1288.33333333333, 1284.93333333333, 1268.8, 2392.66666666666, 1316.53333333333, 2405.66666666667, 1287.53333333333, 2404.33333333333, 1270.13333333333, 2382.73333333333, 2447.4, 1314.2, 3465, 2464.13333333333, 3579.73333333333, 1286.06666666667, 2425.53333333333, 2421.06666666667, 1268.53333333333, 2453, 3477.46666666666, 2405.4, 2393.46666666666, 2366.33333333333, 1280.6, 2332.13333333333, 4682.46666666666, 1347.26666666666, 3521.73333333333, 1332.86666666666, 1270.66666666666, 1294.6, 1291.26666666667, 2400.33333333333, 1337.06666666667, 1273.53333333333, 4606.06666666666, 3486.26666666666, 3567.86666666666, 1255.06666666667, 4591.53333333333, 5784.26666666666, 4614.93333333333, 2453.66666666666, 2368.13333333333, 5664.59999999999, 1360.93333333333, 1340, 1327.33333333333, 1313.6, 1276, 1265.33333333333, 1275.13333333333, 1239.26666666667, 1336.13333333333, 2391.66666666666, 4674.73333333333, 1303.2, 2340.06666666667, 3589.13333333333, 1275.33333333333, 2368.46666666667, 2454.06666666666, 1297.33333333333, 1330.53333333333, 3551.4, 
2326.33333333333, 1280.33333333333, 13302.3333333334, 47249.7333333329, 165148.200000009, 164707.000000008, 165005.333333341, 

