163328.933333342, 164495.266666675, 163896.666666675, 
1331.8, 164057.000000008, 163732.666666675, 163637.600000008, 
120.733333333333, 163490.466666674, 164142.133333342, 119485.733333329, 147654.733333335, 164156.333333342, 164188.666666675, 163186.333333341, 
81265.4666666652, 163948.000000008, 164202.600000008, 164047.000000008, 
120654.999999995, 163852.933333342, 163833.933333342, 163854.600000009, 
120293.199999996, 102828.733333331, 165167.133333341, 164306.666666675, 164085.600000009, 
163272.666666675, 43990.8666666662, 153053.400000004, 163783.466666675, 164199.600000008, 164098.600000008, 
163261.333333342, 163861.133333342, 163856.333333341, 
57099.7333333329, 163637.000000008, 164051.600000008, 164187.600000008, 
163136.933333341, 163536.000000007, 164057.600000008, 
163239.000000008, 79242.6666666654, 164150.933333342, 163908.600000008, 164149.333333342, 
9966.73333333336, 164310.666666675, 164183.266666675, 164451.666666675, 
14515.4000000001, 163993.933333342, 163669.266666675, 164003.933333342, 
50902.666666666, 66802.7999999995, 163979.333333342, 75828.3999999991, 164354.333333341, 164429.600000008, 141750.666666666, 164499.933333341, 59215.7333333329, 15557.0000000002, 164117.933333342, 26479.3999999998, 77874.4666666655, 164138.000000008, 145472.133333334, 161798.600000008, 163000.000000008, 164446.666666675, 163980.933333342, 
163277.666666675, 163946.266666675, 163741.333333342, 
29557.6666666663, 163994.200000008, 164323.666666675, 163984.600000009, 
59524.7999999994, 163023.333333342, 164036.666666675, 164311.133333342, 
163240.266666675, 14550.7333333335, 164072.333333342, 163696.200000008, 163403.333333341, 
162931.266666675, 164512.600000008, 164046.933333342, 
2480.66666666666, 62746.3333333328, 163603.266666674, 164068.666666675, 138736.066666665, 164058.600000008, 163832.933333342, 163577.933333341, 
67924.7999999994, 164577.000000008, 164054.933333342, 163846.266666675, 
1352.46666666667, 164389.933333342, 164359.666666675, 163696.600000008, 
163337.600000008, 163807.533333342, 164148.600000009, 
11302.5333333334, 163235.266666675, 164476.933333342, 163914.266666675, 
163557.000000008, 163535.933333341, 164019.266666675, 
131752.399999997, 163923.000000008, 50422.5333333329, 163610.266666675, 163863.333333342, 12272.0666666667, 164503.866666675, 164085.733333342, 163845.666666675, 
163268.933333341, 75393.7333333323, 163767.266666675, 163851.333333342, 109546.666666663, 117018.999999996, 163479.933333341, 126712.733333329, 163689.533333341, 163748.266666675, 163358.000000008, 
180.533333333333, 163409.266666675, 163487.666666675, 163933.933333341, 
163742.600000008, 163856.333333342, 163627.266666675, 
163405.933333341, 164912.000000008, 163883.333333342, 
