1292, 163204.849999997, 164387.649999997, 164084.249999997, 
30.1000000000001, 164015.349999997, 164466.349999997, 101060.650000006, 164299.249999997, 163784.599999997, 164172.949999997, 
163784.749999997, 163795.449999997, 163823.449999997, 
164029.099999997, 164079.799999997, 163952.949999997, 
188.7, 163075.599999997, 163878.849999997, 165789.449999996, 
1340.9, 26664.8999999996, 163480.949999997, 163609.399999997, 164038.899999997, 
29.7500000000001, 39.5, 163925.899999997, 1327.5, 146641.700000002, 163884.599999997, 109268.300000006, 163761.199999997, 163979.599999997, 164270.099999997, 
1333.75, 164237.199999997, 65763.8000000025, 164176.949999997, 158652.249999998, 26431.1999999996, 164063.499999997, 164373.749999997, 163898.349999997, 
100.55, 12231.7499999999, 14562.7999999999, 5713.35000000002, 29809.1499999996, 87229.7500000043, 64933.3000000024, 23437.4499999997, 86864.9000000043, 32049.8499999995, 69483.9000000028, 79489.6000000036, 65253.0500000024, 26572.2499999996, 105819.300000006, 64030.3000000023, 54133.9500000014, 25474.2999999997, 10097.7, 14599.3999999999, 13229.7499999999, 6857.45000000003, 18809.6999999998, 24481.4999999997, 95963.2000000051, 27765.5999999996, 48450.3500000009, 35471.7499999998, 28702.4499999996, 76433.4500000033, 108990.650000006, 57214.6000000017, 26554.3999999996, 46349.6000000007, 112334.400000007, 153166.5, 158462.749999998, 129725.450000008, 69494.5000000027, 38693.3000000001, 70361.0000000028, 104707.900000006, 16653.5499999998, 63816.0000000023, 35407.8999999998, 61770.8500000021, 64219.9000000023, 62918.6000000022, 35535.0499999998, 39956.8500000002, 121135.000000007, 125414.100000008, 24332.3499999997, 28831.4999999996, 84851.6000000041, 80404.1500000037, 138250.500000006, 164859.449999997, 16696.6499999999, 106943.950000006, 103829.800000006, 55015.6000000015, 150405.950000001, 11297.15, 57484.3000000017, 41943.2000000003, 33192.0499999996, 97950.0000000052, 160917.149999997, 41991.4000000003, 115528.400000007, 74768.5000000032, 90514.5000000046, 7899.35000000003, 43053.1500000005, 31095.2499999995, 134674.600000007, 84774.3000000041, 24523.4999999997, 43149.0000000004, 22287.9999999997, 43153.0000000005, 70807.9500000029, 6896.80000000003, 15646.6999999999, 41005.1000000002, 41998.1000000003, 19055.1499999998, 41010.5500000003, 24444.6499999997, 56585.0000000016, 13415.3999999999, 48748.8500000009, 36642.2999999999, 29860.5999999996, 12283.4999999999, 4643.10000000002, 39897.1000000002, 27895.1499999996, 34278.0499999997, 21008.5999999998, 48582.4000000009, 38697.8000000001, 5651.75000000002, 133694.500000007, 51854.1000000012, 74917.3000000032, 14643.2499999999, 12377.0999999999, 114407.100000007, 13452.4499999999, 51860.0500000012, 26578.3999999996, 4661.65000000002, 9063.60000000001, 91599.2500000047, 19961.6499999998, 8935.50000000001, 45313.0500000006, 44167.8000000006, 48525.7000000009, 8075.90000000003, 43937.7500000006, 18695.1499999998, 164967.049999997, 
178.4, 118494.950000007, 55094.3500000015, 46195.3000000007, 164663.899999997, 90073.7000000046, 34108.9999999997, 164221.149999997, 164524.549999997, 163916.899999997, 
54.7499999999999, 2479.9, 7779.45000000003, 2434.75, 2454.25, 164036.499999997, 163987.299999997, 165160.649999996, 
145442.000000003, 121037.900000007, 162623.299999997, 55211.2000000015, 166013.549999996, 164512.649999997, 165828.699999996, 
1354.45, 2490.75, 13452.8999999999, 4681.25000000002, 31878.7499999995, 9018.20000000002, 39669.8500000001, 47376.0000000008, 24393.7999999997, 2477.35, 61710.300000002, 53919.7500000014, 14464.4999999999, 38635.9, 31835.5499999995, 83060.850000004, 28520.0499999996, 34207.6499999997, 42840.3500000004, 11205.55, 29675.4999999996, 38570, 74653.4500000032, 3553.90000000001, 4602.40000000002, 33158.5999999995, 15618.3499999999, 12390.7999999999, 1311.55, 7797.10000000003, 36286.9499999999, 7867.75000000003, 1414.95, 17774.4499999998, 11340.5, 11217.9, 4564.40000000002, 181.2, 3573.50000000001, 9014.20000000003, 1336.35, 316.750000000001, 2506.1, 3543.10000000001, 4655.15000000002, 2557.2, 10108.15, 6879.85000000003, 3563.90000000001, 4724.40000000002, 1349.6, 21249.2499999997, 10132.6, 4620.70000000002, 6897.05000000003, 15681.8999999999, 3582.45000000001, 7905.45000000003, 11190.2, 300.850000000001, 19872.0999999998, 12308.8999999999, 155229.599999999, 164246.899999997, 164753.199999997, 60151.4500000019, 65000.6000000023, 38535.05, 164623.249999997, 17873.5999999998, 7934.40000000003, 164000.399999997, 78867.7000000036, 42912.3000000005, 54985.9500000015, 5712.05000000002, 37437.85, 13241.8999999999, 32084.0499999995, 13327.6499999999, 47194.7500000008, 164331.949999997, 87734.1500000044, 141467.450000004, 1352.75, 54234.5500000014, 17724.6999999998, 17898.9499999998, 5620.10000000002, 135370.400000007, 9035.90000000002, 11195.5, 3503.80000000001, 24282.3999999997, 35603.6999999998, 9054.00000000001, 14477.3499999999, 23149.6999999997, 17812.4999999998, 106522.250000006, 122217.100000007, 29883.5999999996, 12325.55, 14484.0499999999, 4709.05000000002, 70606.2000000028, 88839.8000000044, 42889.9500000004, 44198.3000000005, 39961.6500000001, 164505.249999997, 166648.149999996, 165856.349999996, 
241.4, 209.4, 249.2, 7810.70000000003, 7864.45000000003, 3520.15000000001, 12240.8499999999, 12151.95, 5737.50000000002, 39416.1000000002, 57313.8000000017, 28536.1499999996, 22219.7999999997, 25393.4499999997, 1337.85, 5788.05000000002, 76863.9000000034, 164570.149999997, 56885.5500000017, 102103.150000006, 25501.3999999997, 164251.349999997, 102039.500000006, 164348.549999997, 75141.0000000032, 164635.799999997, 56975.4500000017, 107203.750000006, 40472.2000000002, 5623.30000000002, 164251.399999997, 139031.650000005, 163864.149999997, 164369.999999997, 2400.45, 5734.60000000002, 7849.50000000003, 18873.8499999998, 5614.15000000002, 164472.349999997, 164411.499999997, 1302, 17678.1499999998, 69254.1000000027, 26537.7499999996, 164685.749999997, 93377.5000000048, 163647.549999997, 164726.749999997, 164371.549999997, 
52.6, 163856.949999997, 163744.649999997, 164154.949999997, 
164009.149999997, 1325.25, 163816.199999997, 163891.899999997, 163978.699999997, 
163579.899999997, 163650.949999997, 163603.199999997, 
11123.05, 164772.199999997, 164094.849999997, 165418.399999996, 
6905.75000000003, 1349.4, 165155.349999996, 164396.699999997, 165228.199999996, 
1308.65, 3527.05000000001, 165993.199999996, 165621.649999996, 165745.399999996, 
