208.066666666667, 22163.6, 41782.1333333329, 30941.4666666664, 26507.2666666665, 13305.5333333334, 55093.1333333329, 37410.7999999996, 36517.7999999997, 48412.9999999997, 18757.5333333334, 53933.0666666662, 29927.5333333331, 18801.9333333334, 73749.3999999989, 48425.1999999997, 148329.666666669, 127304.399999996, 52930.7333333328, 86873.1333333317, 27646.0666666665, 1301.26666666667, 61922.1333333328, 19884.6, 27714.1999999998, 18897.8666666667, 13399.8000000001, 39826.9999999996, 33173.9333333331, 45423.3999999996, 164906.000000008, 56102.3333333328, 29852.7333333331, 31064.4666666664, 35331.9999999997, 34133.3999999997, 66173.7999999993, 108659.999999997, 70836.6666666659, 17856.4000000001, 74794.999999999, 92579.2666666647, 44122.3999999996, 84549.7999999983, 95850.3333333315, 165467.933333343, 108830.466666664, 134376.733333331, 164959.866666675, 23273.7333333333, 165842.333333342, 165937.200000008, 165062.666666674, 
44901.0666666662, 164267.266666675, 164060.333333342, 164004.266666675, 
3560.8, 3500.73333333333, 1324.66666666667, 131.533333333333, 2235.26666666666, 2434.8, 10888.2666666667, 21223.2666666667, 64586.3999999995, 164195.666666675, 163973.000000008, 163606.333333341, 
162.4, 198.733333333333, 2270, 1189.4, 18867.0666666667, 14384.1333333335, 13185.9333333334, 2297.53333333333, 18462.2000000001, 81193.9999999986, 49598.7999999995, 80187.0666666654, 126570.866666662, 163042.000000008, 71682.799999999, 164018.266666675, 165543.600000008, 164114.466666675, 
130.733333333333, 28950.1333333331, 35436.7333333331, 51923.0666666661, 31109.0666666664, 153763.400000004, 163344.266666675, 164000.600000008, 163912.600000008, 
121.666666666666, 2363.66666666666, 34139.4666666663, 164909.600000008, 3564.26666666666, 30923.6666666664, 163761.333333342, 164701.333333342, 164652.000000007, 
151.333333333333, 2320.93333333333, 4440.93333333332, 1275.06666666667, 1335.46666666666, 164324.733333342, 164779.266666675, 164306.333333342, 
12190.4000000001, 143308.733333333, 163748.866666675, 164331.666666675, 164288.333333342, 
1142.6, 193.933333333333, 7929.79999999999, 5809.46666666666, 164061.600000008, 164838.600000008, 164955.266666675, 
90.7333333333332, 1244.8, 4498.59999999999, 8024.73333333332, 164636.866666675, 70468.0666666659, 165214.000000008, 165583.666666675, 164984.333333342, 
252.733333333333, 2275.4, 2265.4, 58286.7999999994, 163698.266666674, 164661.666666675, 163522.666666675, 
2182.26666666666, 17464.9333333335, 85947.3333333319, 57248.3999999995, 153243.466666671, 62204.6666666663, 47336.6666666662, 164864.333333342, 163882.266666675, 128359.666666663, 124766.666666662, 164208.933333342, 30103.7333333331, 111282.399999997, 65566.0666666664, 163958.466666675, 164392.866666675, 164330.933333342, 
21076.4666666667, 3581.4, 47525.0666666662, 163719.600000008, 163820.333333341, 49582.7999999995, 57360.7999999994, 141771.933333333, 165959.533333342, 164510.600000009, 164906.266666675, 
4491.73333333333, 43009.3999999996, 13352.6666666668, 11109.6666666667, 41568.0666666663, 164402.000000008, 43984.1999999996, 115021.53333333, 127367.399999996, 164014.600000008, 163291.933333341, 165161.000000009, 
147.4, 138.066666666667, 1113, 20677.5333333334, 1248.2, 5602.33333333332, 26276.1999999999, 58962.7999999996, 164931.666666675, 164416.000000008, 165340.000000008, 
121.4, 153204.533333337, 163696.266666675, 163859.866666675, 163971.933333342, 
1318, 2331.8, 7859.99999999999, 48360.4666666662, 165151.666666675, 164845.000000008, 164995.600000008, 
1112, 222.333333333333, 165250.866666675, 165045.933333342, 165440.933333342, 
2160.46666666666, 21840.6666666667, 162756.666666675, 163652.933333341, 110750.33333333, 163366.200000008, 163994.933333342, 162061.333333341, 163906.800000008, 163737.400000008, 91025.9999999978, 164010.333333342, 163524.333333341, 163995.800000008, 
85749.066666665, 14473.4666666668, 43032.6666666663, 27840.6666666665, 126890.399999997, 7949.99999999999, 164214.666666675, 164107.933333342, 164582.533333342, 
255.4, 61119.933333333, 30447.6666666664, 156457.666666672, 164729.933333341, 164499.866666675, 164572.266666675, 
1152.73333333333, 3317.66666666666, 8981, 5753.39999999999, 28787.9333333331, 163720.933333341, 36286.3999999996, 163436.933333342, 55115.3999999994, 163246.666666674, 163659.000000008, 164055.333333342, 
121.666666666666, 1306.06666666667, 165, 12242.3333333334, 99421.9333333306, 70091.3999999993, 164343.933333342, 165128.200000008, 164927.266666674, 
136, 169.733333333333, 1313.13333333333, 52083.5999999997, 20955.5333333333, 33699.3333333329, 34344.333333333, 147368.200000002, 163423.600000008, 163783.666666675, 101722.866666664, 164663.000000008, 25471.7999999999, 164090.466666675, 164642.666666675, 164086.266666675, 
3559.66666666666, 197.4, 163804.266666675, 163795.933333342, 163872.333333342, 
226.066666666667, 3316.66666666666, 163610.600000008, 164098.666666675, 164168.533333341, 
66828.1333333329, 163896.600000009, 99888.1333333309, 9075.73333333334, 92748.1333333315, 46440.6666666662, 50609.8666666662, 163227.000000008, 4649.93333333333, 73099.3333333323, 49195.733333333, 163483.666666675, 76918.3333333322, 164713.600000008, 164297.066666675, 164416.333333342, 
113.6, 25414.7333333332, 10051.0666666667, 164455.933333342, 164540.533333341, 163762.666666675, 
97.6, 132.266666666667, 1355.53333333333, 3249.26666666666, 165226.333333342, 165042.000000008, 164652.933333342, 
6620.73333333332, 2258.8, 4548.86666666666, 2393.4, 164392.533333341, 115181.466666663, 164115.266666675, 57288.3999999995, 165845.266666675, 165341.866666675, 150337.600000003, 164085.933333342, 164059.000000008, 164201.533333342, 
