11120.9333333334, 163373.133333341, 164475.666666675, 164534.600000008, 
22959.7333333332, 163434.333333342, 77337.5333333322, 165087.666666675, 165272.333333342, 165706.933333342, 
68579.3999999995, 164862.333333342, 164885.533333342, 165190.600000008, 
95560.7333333313, 15568.3333333335, 50729.4666666662, 49423.5333333329, 25353.0666666665, 93957.5333333311, 24436.6666666666, 26508.1999999999, 44410.1333333329, 45806.533333333, 164873.266666675, 164714.666666675, 165139.666666675, 
51259.733333333, 163383.933333341, 165524.000000009, 165441.933333343, 
5632.39999999999, 163898.000000008, 164126.333333341, 164120.933333342, 
164206.333333342, 164892.933333341, 163083.600000008, 
163179.333333341, 33051.3999999997, 165237.333333342, 163582.600000008, 164420.933333341, 
22146.8, 19943.7333333334, 77650.5999999989, 86122.7999999983, 164749.866666676, 165143.600000008, 165126.000000007, 
164650.333333342, 92096.9999999979, 163931.933333342, 163052.666666675, 62668.3999999995, 110902.199999997, 141949.2, 163220.333333341, 164164.933333342, 123946.866666662, 165356.666666675, 154034.400000005, 43969.2666666663, 164091.266666675, 163496.600000008, 91375.1333333316, 89327.6666666651, 166197.333333342, 68117.066666666, 165488.266666675, 164062.266666676, 164855.333333342, 
163010.266666675, 163525.666666675, 164476.600000008, 
163479.266666675, 73319.5999999992, 166038.266666675, 164176.266666675, 164803.333333341, 
3575.93333333333, 113470.799999997, 163280.933333342, 165163.333333342, 125092.199999997, 165722.933333341, 165713.266666675, 164759.666666675, 
163180.266666675, 163414.600000008, 163222.666666674, 
164588.333333341, 163405.666666675, 163397.266666675, 
94270.0666666643, 163869.600000009, 103399.999999998, 166002.333333342, 164657.933333342, 164711.600000008, 
163177.333333341, 163445.933333341, 95948.0666666643, 166134.600000008, 164477.533333342, 165738.333333341, 
164194.666666675, 163581.600000008, 163360.933333341, 
163576.200000008, 163937.600000008, 164150.600000008, 
144619.200000001, 100718.066666664, 117625.666666663, 88971.1333333314, 85509.3999999982, 71534.3333333324, 165369.266666676, 164712.266666675, 165865.000000008, 
163252.533333341, 163565.600000008, 165689.333333342, 
111.066666666667, 307.2, 38303.0666666663, 164022.333333342, 164916.600000008, 163972.333333342, 
163726.666666675, 163232.933333341, 165719.000000008, 
45917.3999999996, 164007.666666675, 164292.666666675, 163310.266666675, 
85228.666666665, 163357.000000008, 164128.000000008, 164188.466666675, 
163052.266666674, 163686.666666675, 163880.000000008, 
137863.066666665, 163257.266666675, 163276.666666674, 111670.666666664, 163857.933333342, 164287.666666675, 164308.600000008, 
82144.7333333319, 132158.866666662, 164575.933333342, 165585.266666676, 165339.333333342, 
102577.799999997, 61165.1333333329, 119535.799999997, 163718.000000009, 77704.8666666654, 164153.266666675, 163930.400000008, 11327.7333333334, 163803.533333342, 164118.666666675, 23484.1333333333, 120099.533333329, 163862.666666675, 163938.266666675, 163971.866666675, 
4500.99999999999, 163802.266666675, 164208.600000009, 163948.933333342, 
