99263.0666666639, 113691.199999996, 164121.266666675, 164273.000000008, 164333.933333342, 
76790.5333333322, 163010.000000008, 164822.666666675, 164752.666666675, 
25360.7333333332, 164502.600000009, 164029.666666675, 163775.266666675, 
50527.0666666662, 163848.000000009, 163967.000000008, 164018.666666675, 
17851.0666666667, 163655.333333341, 85844.8666666649, 40499.5333333329, 163962.933333342, 164361.866666675, 164086.333333342, 
64543.2666666663, 95393.733333331, 163763.666666674, 164029.266666675, 164443.333333341, 
164171.266666675, 10031.4, 156313.333333339, 165554.333333342, 164884.333333342, 165492.333333342, 
163692.666666675, 43086.6666666662, 164255.666666675, 163455.600000008, 163505.600000008, 
251.066666666667, 164052.000000008, 165656.666666675, 164006.266666675, 
163843.000000008, 122494.866666663, 164188.333333342, 163955.000000009, 163834.866666675, 
163385.333333341, 164249.266666675, 164318.000000008, 
65.2, 36416.533333333, 90987.0666666648, 164277.666666675, 164402.333333342, 164060.266666675, 
163447.000000008, 112676.199999997, 164193.933333342, 163641.000000008, 163998.333333342, 
10195.2, 147878.733333335, 165138.666666676, 164300.933333342, 164562.666666675, 
115.466666666667, 163600.333333342, 163727.933333341, 163439.000000008, 
120383.599999996, 164098.000000008, 163825.666666675, 164365.600000008, 
128166.266666661, 163980.600000008, 163846.333333341, 163821.000000008, 
107440.399999997, 131478.999999995, 22032.8, 164533.333333342, 163872.266666675, 163721.933333341, 
27660.3999999998, 67017.3999999993, 164355.333333341, 164261.000000008, 163520.600000008, 
19806.7333333334, 163129.266666675, 163972.000000008, 165372.000000009, 
163289.666666675, 164434.666666675, 164975.666666675, 
12418.7333333334, 92810.7999999977, 163974.933333341, 161674.866666675, 164021.666666675, 164011.266666675, 65815.0666666662, 163227.666666674, 163500.000000008, 163416.000000008, 
223.066666666667, 164778.000000008, 164579.666666676, 163776.666666675, 
158744.066666673, 41874.1333333329, 164800.333333342, 148776.46666667, 163359.200000008, 163797.600000008, 164257.333333342, 
16867.0666666668, 164048.333333342, 163670.666666674, 163899.933333342, 
162931.666666675, 163109.266666675, 164649.333333341, 
163011.000000008, 164604.666666675, 165127.266666675, 
163211.000000008, 164418.266666675, 164412.200000008, 
50796.3999999994, 164604.333333342, 163244.333333342, 165530.000000009, 
163298.266666675, 70843.3999999994, 165183.333333342, 165340.933333342, 165430.000000009, 
