1180.8, 162858.266666674, 108557.73333333, 76464.7333333323, 136896.33333333, 103088.33333333, 163357.933333341, 163575.666666675, 163078.333333342, 
110.066666666666, 163438.266666675, 164204.333333342, 165267.600000008, 
206.4, 138.733333333333, 242.6, 180.4, 178.4, 196.066666666666, 224.066666666666, 193.733333333333, 187.4, 157.4, 1225.53333333333, 172.866666666667, 222.8, 10086, 163707.866666674, 164719.333333341, 164877.333333342, 
149.066666666667, 139.133333333333, 243.733333333333, 246.066666666667, 262.466666666667, 143.066666666667, 156.733333333333, 153.4, 1283.06666666667, 202.733333333333, 208.733333333333, 184.733333333333, 192.333333333333, 164316.266666675, 164162.333333342, 164321.666666675, 
76.8, 144.733333333333, 3444.53333333333, 2421.4, 7744.06666666665, 3530.2, 16679.0666666668, 25495.0666666666, 163732.000000008, 164871.000000009, 164145.000000008, 
116.066666666667, 3518.4, 7871.66666666665, 9036.86666666667, 164375.666666675, 12322.2666666667, 164932.000000008, 164319.333333341, 164776.000000008, 
100.066666666667, 222.733333333333, 134.4, 1171.73333333333, 206.733333333333, 134.733333333333, 158.4, 189.4, 234.8, 220.4, 224.8, 137.066666666667, 171.4, 144.4, 149.066666666667, 237.733333333333, 137.066666666667, 135.4, 141.066666666667, 232.066666666666, 137.733333333333, 147.4, 1224, 207.733333333333, 134.733333333333, 179.4, 185.4, 144.066666666667, 162.4, 141.4, 139.733333333333, 144.066666666667, 218.4, 1152.06666666667, 137.733333333333, 186.733333333333, 2286.2, 163.733333333333, 159.066666666667, 163.066666666666, 211.733333333333, 161.733333333333, 173.733333333333, 140.4, 176.066666666666, 198.4, 1172.73333333333, 1218.6, 179.4, 3425.33333333333, 164035.666666675, 23085.9333333333, 164204.000000008, 164538.000000008, 164240.200000008, 
49.0666666666668, 106.4, 131.4, 159.066666666667, 15438.3333333335, 26459.0666666665, 111615.33333333, 163804.333333341, 158599.466666674, 131930.799999996, 14382.7333333335, 164484.933333342, 143163.133333334, 164334.600000009, 46055.5999999996, 164366.666666675, 164398.000000008, 164151.666666675, 
26.8, 28.7333333333333, 178.866666666667, 4319.4, 3484, 94282.0666666645, 164139.000000008, 144313.666666667, 76379.9999999989, 46327.3999999996, 164253.666666676, 164299.000000008, 164400.600000008, 
150.533333333333, 164232.333333342, 164542.333333341, 100751.999999997, 164948.666666675, 157769.800000006, 164706.333333342, 164875.666666675, 164470.266666675, 
98.4666666666667, 182.8, 19932.6666666667, 22167.3333333333, 164807.000000008, 164978.933333342, 165066.000000008, 
2263.26666666666, 38991.733333333, 15452.4666666668, 86421.3999999985, 15552.4666666668, 5679.06666666666, 41581.933333333, 165182.666666675, 164013.266666675, 164329.333333341, 
26.8, 137.066666666667, 137.733333333333, 180.4, 138.733333333333, 140.733333333333, 159.733333333333, 241.4, 156.066666666667, 193.733333333333, 190.4, 3358.06666666666, 1288.73333333333, 163896.666666675, 163777.333333341, 164654.666666675, 
41.7333333333335, 70.3999999999999, 128.733333333333, 170.066666666666, 169.733333333333, 179.733333333333, 164.066666666667, 154.066666666667, 171.4, 131.333333333333, 179.066666666667, 155.4, 177.4, 172.4, 176.666666666667, 179.4, 172.4, 138.066666666667, 154.733333333333, 141.4, 133.4, 158.733333333333, 133.4, 179.066666666667, 181.066666666667, 176.4, 177.4, 132.4, 180.733333333333, 163.4, 133.4, 172.733333333333, 160.4, 134.066666666667, 178.333333333333, 168.066666666667, 174.733333333333, 141.4, 163.733333333333, 176.4, 133.4, 132.733333333333, 145.4, 148.733333333333, 176.066666666667, 138.066666666667, 179.4, 133.4, 133.4, 134.066666666667, 131.333333333333, 132.4, 173.733333333333, 134.066666666667, 173.733333333333, 141.4, 134.066666666667, 179.066666666667, 172.733333333333, 138.066666666667, 155.4, 151.4, 132.733333333333, 155.4, 148.066666666667, 171.4, 179.733333333333, 154.733333333333, 154.733333333333, 181.733333333333, 181.4, 177.4, 151.4, 134.066666666667, 163.733333333333, 132.733333333333, 163.066666666667, 177.733333333333, 138.066666666667, 179.066666666667, 154.733333333333, 181.066666666667, 148.066666666667, 138.066666666667, 132.4, 155.733333333333, 133.4, 132.4, 134.066666666667, 151.4, 148.066666666667, 158.4, 134.733333333333, 160.4, 132.733333333333, 176.066666666667, 134.733333333333, 176.066666666667, 141.4, 134.733333333333, 141.4, 154.733333333333, 177.4, 132.4, 133.4, 132.733333333333, 148.066666666667, 138.066666666667, 134.733333333333, 138.066666666667, 182.733333333333, 134.066666666667, 179.733333333333, 138.066666666667, 141.4, 141.4, 178.733333333333, 134.066666666667, 155.4, 138.066666666667, 155.733333333333, 154.733333333333, 132.733333333333, 144.733333333333, 179.066666666667, 
123.666666666667, 150.066666666667, 1129.8, 130.066666666666, 127.066666666666, 122.066666666666, 130.4, 118.333333333333, 150.4, 122.066666666666, 120.733333333333, 142.066666666667, 153.733333333333, 157.733333333333, 194.4, 138.066666666667, 136.4, 148.4, 132.4, 135.066666666667, 135.4, 135.066666666667, 160.733333333333, 132.4, 135.066666666667, 135.066666666667, 201.733333333333, 132.733333333333, 146.733333333333, 137.733333333333, 149.4, 136.4, 147.066666666667, 160.733333333333, 132.4, 176.4, 137.4, 208.4, 222.733333333333, 136.066666666667, 135.733333333333, 164.4, 214.066666666666, 178.4, 133.066666666667, 210.4, 135.066666666667, 227.933333333333, 137.066666666667, 216.4, 135.066666666667, 138.066666666667, 137.4, 178.4, 210.733333333333, 217.066666666666, 142.066666666667, 213.733333333333, 216.066666666667, 153.4, 217.133333333333, 216.4, 165.4, 133.066666666667, 216.733333333333, 156.733333333333, 207.733333333333, 192.733333333333, 137.4, 153.4, 179.4, 165.4, 131.4, 149.4, 211.4, 211.4, 180.4, 149.066666666667, 180.733333333333, 216.733333333333, 137.066666666667, 130.733333333333, 142.066666666667, 1138.06666666667, 217.066666666666, 1170.4, 164.066666666667, 1173, 164054.266666675, 121108.999999997, 196.466666666667, 5660.59999999999, 2294.06666666666, 34090.3999999996, 153.066666666666, 22107.9333333333, 13405.4000000001, 212.666666666667, 16568.4666666668, 163969.000000008, 164216.000000009, 94211.1333333311, 164949.333333342, 164792.933333342, 164991.666666675, 
26.8, 1312.4, 8995.20000000001, 13528.4666666668, 73796.6666666657, 163547.000000008, 164238.333333342, 164208.266666675, 
87.8666666666667, 58.8, 245, 31799.3999999997, 126823.799999997, 62441.7999999996, 2437.73333333333, 1364, 2503.13333333333, 6833.19999999999, 79295.3999999987, 47899.0666666663, 68575.3999999996, 163129.600000008, 164544.600000008, 164411.333333342, 
29.4, 165.066666666667, 119.4, 125.4, 210.066666666667, 127.4, 200.4, 213.733333333333, 197.466666666666, 165.733333333333, 144.733333333333, 159.733333333333, 132.4, 196.066666666666, 134.066666666667, 134.733333333333, 150.733333333333, 200.133333333333, 208.4, 203.066666666667, 150.733333333333, 165.4, 199.733333333333, 153.733333333333, 132.4, 134.733333333333, 147.066666666667, 134.733333333333, 196.733333333333, 143.066666666667, 133.4, 208.066666666666, 208.4, 133.4, 211.4, 159.066666666667, 195.066666666666, 148.4, 207, 132.733333333333, 160.733333333333, 154.066666666667, 132.733333333333, 134.733333333333, 134.066666666667, 210.4, 207.4, 153.733333333333, 210.066666666667, 156.4, 143.066666666667, 134.733333333333, 134.733333333333, 209.066666666666, 156.4, 150.733333333333, 180.4, 209.066666666666, 143.066666666667, 133.4, 213.466666666667, 197.066666666667, 160.733333333333, 138.733333333333, 173.4, 211.733333333333, 134.066666666667, 143.066666666667, 143.066666666667, 164.4, 212.733333333333, 198.066666666667, 132.733333333333, 159.066666666667, 195.733333333333, 146.4, 160.733333333333, 156.4, 200.4, 164.733333333333, 150.733333333333, 147.066666666667, 150.4, 167.4, 216.733333333333, 164.4, 139.4, 142.4, 135.4, 208.4, 208.4, 164.4, 208.4, 134.066666666667, 134.733333333333, 152.4, 197.4, 143.066666666667, 177.733333333333, 213.066666666667, 200.4, 204.533333333333, 133.4, 202.066666666666, 157.733333333333, 138.066666666667, 144.733333333333, 206.8, 198.866666666666, 193.4, 206.733333333333, 190.733333333333, 206.733333333333, 153.733333333333, 132.4, 184.4, 139.4, 133.4, 205.733333333333, 156.4, 197.4, 202.066666666666, 133.4, 1131.73333333333, 134.733333333333, 
3560.53333333333, 209.4, 164509.000000008, 77241.0666666654, 164345.666666675, 163904.666666675, 164007.666666675, 
26.8, 105.4, 105.4, 106.733333333333, 111.4, 106.066666666666, 113.4, 144.733333333333, 141.733333333333, 127.4, 151.4, 165.733333333333, 138.066666666667, 166.066666666667, 148.066666666667, 162.733333333333, 162.733333333333, 132.733333333333, 134.066666666667, 148.066666666667, 162.733333333333, 154.733333333333, 144.733333333333, 165.4, 141.4, 138.066666666667, 148.066666666667, 138.066666666667, 162.733333333333, 141.4, 161.4, 148.066666666667, 138.066666666667, 132.4, 134.733333333333, 154.733333333333, 132.733333333333, 132.733333333333, 164.066666666666, 159.4, 168.4, 138.066666666667, 162, 134.066666666667, 162.733333333333, 134.733333333333, 164.4, 164.066666666667, 130, 134.066666666667, 164.4, 133.4, 154.733333333333, 151.4, 156.066666666667, 162.733333333333, 134.066666666667, 138.066666666667, 162.733333333333, 154.733333333333, 165.733333333333, 134.066666666667, 141.4, 134.733333333333, 154.733333333333, 132.733333333333, 132.733333333333, 133.4, 168.4, 151.4, 141.4, 151.4, 151.4, 154.733333333333, 148.066666666667, 165.4, 132.733333333333, 163.4, 154.666666666667, 148.066666666667, 165.733333333333, 164.4, 134.066666666667, 135.4, 134.066666666667, 133.4, 164.066666666666, 161.4, 148.066666666667, 133.4, 132.4, 134.733333333333, 164.066666666666, 166.4, 134.066666666667, 138.066666666667, 165.733333333333, 165.4, 164.066666666666, 162.733333333333, 141.4, 132.4, 141.4, 154.733333333333, 165.733333333333, 138.066666666667, 157.333333333333, 133.4, 165.733333333333, 132.733333333333, 154.733333333333, 162.733333333333, 132.733333333333, 138.066666666667, 134.066666666667, 151.4, 159.4, 167.733333333333, 133.4, 162.733333333333, 161.4, 158.066666666667, 134.066666666667, 162.733333333333, 138.066666666667, 
59.4000000000001, 68.0666666666666, 138.066666666667, 134.066666666667, 163.066666666667, 134.733333333333, 198.733333333333, 141.4, 141.4, 193.8, 145.733333333333, 138.066666666667, 199.733333333333, 134.066666666667, 134.066666666667, 133.4, 189.066666666667, 134.733333333333, 192.066666666667, 177.733333333333, 190.4, 157.733333333333, 132.733333333333, 158.066666666667, 138.066666666667, 141.4, 189.066666666667, 134.733333333333, 151.4, 144.733333333333, 189.066666666667, 180.733333333333, 153.066666666667, 196.733333333333, 132.733333333333, 141.4, 210.4, 162.4, 204.4, 199.733333333333, 191.733333333333, 188.733333333333, 133.4, 132.733333333333, 196.066666666666, 149.4, 134.066666666667, 201.733333333333, 132.4, 190.066666666666, 207.066666666667, 134.066666666667, 188.4, 162.4, 132.733333333333, 138.066666666667, 163.4, 145.733333333333, 200.066666666667, 148.066666666667, 157.4, 130.733333333333, 194.4, 152.4, 138.066666666667, 132.733333333333, 156.733333333333, 138.066666666667, 189.066666666666, 170.066666666667, 141.4, 156.733333333333, 152.733333333333, 138.066666666667, 196.4, 132.733333333333, 193.4, 132.733333333333, 134.733333333333, 157.733333333333, 165.733333333333, 157.066666666667, 161.4, 132.4, 157.733333333333, 199.066666666667, 141.4, 130.666666666667, 187.4, 193.4, 134.733333333333, 138.066666666667, 196.066666666666, 201.066666666667, 202.733333333333, 132.4, 134.066666666667, 175.733333333333, 186.733333333333, 134.066666666667, 191.733333333333, 157.733333333333, 193.733333333333, 134.733333333333, 134.733333333333, 188.4, 191.733333333333, 203.066666666666, 162.4, 162.4, 141.4, 132.4, 157.733333333333, 195.066666666667, 198.066666666667, 141.4, 141.4, 156.733333333333, 202.733333333333, 175.733333333333, 133.4, 138.066666666667, 149, 153.4, 183.333333333333, 
120.4, 220.733333333333, 1210.26666666666, 4516.33333333333, 1235.8, 1211.2, 160.4, 174.666666666667, 55697.1333333329, 24253.4666666666, 9726.13333333336, 164432.666666675, 164791.000000008, 164335.266666675, 
1282.06666666667, 22114.3999999999, 118482.466666663, 65796.133333333, 131025.999999995, 165118.333333341, 164959.333333342, 145, 256.133333333333, 161.733333333333, 22035.1333333333, 13325.4000000001, 2203.46666666666, 14407.2000000002, 3578.66666666667, 163701.333333342, 68012.7999999994, 46135.7999999996, 135590.999999997, 38563.4666666663, 66787.1333333328, 109578.466666663, 164786.666666674, 165017.000000008, 165174.666666674, 
32.4, 178.066666666667, 1258.4, 3498, 216.8, 206.066666666667, 240.466666666667, 72481.999999999, 17745.0666666668, 129.733333333333, 164471.666666675, 164199.600000008, 164297.666666675, 
132.066666666667, 163396.000000008, 46235.1999999996, 161918.066666675, 104377.066666664, 163236.266666675, 164333.000000009, 65392.0666666664, 163586.266666675, 64362.733333333, 164731.666666675, 163638.000000008, 164070.333333341, 
128248.466666662, 4550.6, 53282.9999999997, 1304.13333333333, 73438.8666666656, 4600.33333333333, 163422.000000008, 142726.2, 164011.333333342, 42937.9333333329, 101569.666666664, 114392.799999997, 70529.8666666657, 165345.000000009, 25578.1333333332, 163232.933333342, 12236.4000000001, 164476.666666675, 110166.066666664, 51666.3999999996, 164874.666666675, 39888.6666666663, 70262.1333333325, 4668.86666666666, 85854.466666665, 87801.7333333315, 164069.000000009, 52699.3999999996, 163737.600000008, 163931.000000009, 164338.666666675, 
107.4, 170.733333333333, 173.733333333333, 132.733333333333, 134.733333333333, 133.4, 183.733333333333, 173.066666666667, 191.066666666667, 152.733333333333, 186.733333333333, 144.733333333333, 144.733333333333, 196.4, 151.4, 195.4, 130.733333333333, 131.4, 162.733333333333, 174.066666666667, 152.066666666667, 132.066666666667, 133.4, 152.066666666667, 189.066666666667, 142.066666666667, 184.066666666667, 138.733333333333, 132.733333333333, 185.4, 171.733333333333, 196.4, 132.4, 183.4, 185.733333333333, 188.733333333333, 134.066666666667, 185.066666666666, 188.733333333333, 161.066666666667, 152.733333333333, 171.733333333333, 133.4, 186.066666666667, 134.066666666667, 152.4, 132.733333333333, 141.4, 152.066666666667, 134.733333333333, 134.733333333333, 134.066666666667, 134.066666666667, 133.4, 138.066666666667, 141.4, 165.4, 161.4, 158.4, 138.066666666667, 165.4, 185.4, 185.733333333333, 165.4, 132.733333333333, 134.733333333333, 158.4, 141.4, 148.733333333333, 156.4, 190.066666666666, 171.4, 168.733333333333, 134.733333333333, 185.733333333333, 181.4, 161.4, 133.4, 154.733333333333, 134.733333333333, 158.4, 184.066666666667, 148.4, 134.066666666667, 134.066666666667, 161.066666666667, 182, 168.733333333333, 155.733333333333, 191.733333333333, 138.066666666667, 134.733333333333, 185.4, 142.066666666667, 191.4, 160.733333333333, 132.4, 134.066666666667, 134.733333333333, 153.066666666667, 134.733333333333, 134.733333333333, 184.066666666667, 142.066666666667, 186.733333333333, 155.4, 186.066666666667, 148.733333333333, 190.4, 182.4, 193.733333333333, 131.4, 193.733333333333, 152.066666666667, 130.733333333333, 178.066666666667, 133.4, 187.733333333333, 185.066666666667, 134.733333333333, 133.4, 132.4, 186.4, 185.066666666667, 133.4, 
128.733333333333, 142.066666666667, 127.066666666666, 154.733333333333, 216.066666666667, 166.4, 127.4, 191.4, 169.066666666667, 143.4, 215.733333333333, 224.6, 144.733333333333, 229.733333333333, 146.4, 220.066666666666, 142.733333333333, 207.4, 148.066666666667, 156.4, 146.066666666667, 229.066666666666, 208, 178.4, 132.4, 156.4, 136.066666666667, 211.066666666666, 220.733333333333, 222.4, 208.066666666666, 140.4, 137.4, 136.066666666667, 132.4, 136.066666666667, 175.733333333333, 132.733333333333, 181.4, 201.733333333333, 136.733333333333, 170.4, 210.066666666667, 1147.4, 1139.06666666667, 135.066666666667, 193.066666666666, 139.4, 230.4, 5577.13333333332, 2330.53333333333, 10960.4000000001, 20747.4, 87963.399999998, 55204.7333333331, 121366.733333329, 164277.333333342, 164367.000000009, 163902.666666675, 
26.8, 33.7333333333334, 106.066666666666, 146.4, 177.066666666667, 204.8, 154.733333333333, 216.866666666667, 213.4, 132.4, 210.066666666667, 133.4, 181.4, 154.733333333333, 134.733333333333, 204.733333333333, 211.733333333333, 134.733333333333, 181.4, 201.066666666667, 194.666666666666, 203.4, 212.4, 139.733333333333, 139.733333333333, 132.733333333333, 211.066666666666, 1126.06666666667, 139.066666666667, 156.733333333333, 139.4, 215.066666666666, 132.733333333333, 199.4, 211.066666666666, 153.066666666667, 219.733333333333, 144.066666666667, 181.733333333333, 140.066666666667, 207.733333333333, 166.066666666667, 211.066666666666, 199.733333333333, 200.733333333333, 165.733333333333, 199.733333333333, 216.733333333333, 139.733333333333, 152.066666666667, 132.4, 165.733333333333, 159.4, 217.066666666667, 151.733333333333, 219.733333333333, 134.066666666667, 134.733333333333, 199.4, 139.733333333333, 214.4, 158.4, 132.733333333333, 184.066666666667, 136.4, 161.4, 211.733333333333, 144.733333333333, 200.733333333333, 181.4, 174.066666666667, 162.066666666667, 132.4, 139.4, 158.4, 211.733333333333, 161.733333333333, 219.733333333333, 133.4, 153.066666666667, 203.066666666667, 204.066666666667, 201.733333333333, 132.733333333333, 133.4, 139.4, 161.733333333333, 139.733333333333, 152.066666666667, 184.4, 160.733333333333, 181.733333333333, 184.066666666667, 214.4, 201.066666666667, 217.733333333333, 136.4, 139.4, 211.733333333333, 174.4, 161.4, 139.733333333333, 162.066666666667, 174.4, 216.733333333333, 199.733333333333, 152.066666666667, 132.4, 134.066666666667, 132.4, 132.4, 199.4, 143.733333333333, 217.733333333333, 132.733333333333, 184.4, 200.4, 181.066666666667, 141.4, 174.4, 203.4, 213.4, 144.4, 149.4, 184.066666666667, 
136.733333333333, 1126.4, 241, 141.733333333333, 145.066666666667, 1201.8, 235.6, 165405.333333341, 165058.000000008, 71643.9999999991, 164853.000000008, 165205.333333342, 165145.666666675, 
