164435.600000008, 164207.933333341, 164343.266666674, 
1138.4, 163684.800000008, 97077.3999999973, 163855.466666675, 10147.1333333334, 16597.0666666668, 56228.5999999994, 163508.93333334, 58269.333333333, 163067.333333341, 36689.9999999996, 16630.8000000001, 122495.266666663, 164270.200000008, 36194.2666666663, 13478.3333333335, 70394.0666666659, 86482.3333333315, 31999.9999999997, 21000.4, 28930.3333333332, 9207.66666666667, 76064.6666666655, 42734.5333333329, 109723.466666664, 57154.7333333329, 111953.733333331, 125361.333333329, 82702.5999999987, 12349.5333333334, 164513.933333342, 146087.933333335, 164594.933333341, 163076.200000008, 60641.0666666662, 164672.266666675, 165981.533333342, 164901.600000009, 
3318.26666666666, 142408.333333333, 163806.333333342, 70149.3999999993, 34959.3999999996, 163542.600000008, 69294.4666666658, 156358.066666672, 130902.599999996, 164158.933333342, 90791.2666666648, 164139.533333341, 144236.200000001, 141976.866666666, 163898.666666675, 137705.266666665, 148927.333333336, 29921.7999999998, 122747.733333329, 164066.600000009, 163225.066666675, 164432.266666675, 163304.333333341, 165122.333333342, 
1106.86666666667, 1140.73333333333, 3372.46666666666, 6652.06666666665, 2355.33333333333, 3549.66666666666, 1263.66666666667, 3392.93333333333, 8972.13333333334, 9032.73333333334, 3462.93333333333, 4577.66666666666, 5575.06666666665, 1273.13333333333, 3516.8, 10237.6666666667, 3530.73333333333, 10097.7333333334, 1346.33333333333, 2418.73333333333, 4564.66666666666, 2401.4, 1355.46666666666, 5704.13333333333, 12315.8000000001, 14498.6666666668, 3541.06666666666, 4618.8, 3587.8, 3519.13333333333, 2414.4, 6715.26666666666, 4599.73333333332, 4608.66666666666, 5667.79999999999, 3534.06666666666, 6821.73333333332, 6708.86666666666, 1351.86666666666, 2449.8, 1338.33333333333, 1335.86666666667, 5768.19999999999, 2446.86666666666, 4628.26666666666, 1329, 2416.66666666666, 3497.53333333333, 3591.13333333333, 4736.73333333332, 5670.73333333333, 2463.53333333333, 4564.4, 3565.8, 14511.0666666668, 4556.46666666666, 2495.53333333333, 5797.33333333332, 5718.53333333333, 4653.53333333333, 13473.6666666668, 1275.53333333333, 6762.39999999999, 9145.53333333333, 10107.1333333334, 3463.66666666666, 1339.13333333333, 4608.19999999999, 6831.93333333332, 1389.53333333333, 2442.06666666666, 1435.46666666666, 10046, 434.8, 3584.66666666666, 5661.66666666666, 7824.26666666665, 1315.86666666667, 1303.06666666667, 4624.06666666666, 6893.73333333332, 4641.33333333333, 2469.73333333333, 5772.79999999999, 6833.99999999999, 3465.53333333333, 6734.13333333332, 6758.73333333332, 7910.13333333332, 2463.66666666666, 1297.33333333333, 1292.6, 5777.86666666666, 1310.26666666667, 6823.66666666665, 4620, 1307.53333333333, 6876.06666666665, 3616.66666666666, 2483.13333333333, 4629.86666666666, 3556.66666666666, 2423.73333333333, 2463.53333333333, 8959.2, 9055.4, 3557.33333333333, 8013.73333333332, 3619.6, 4637.46666666666, 2509.53333333333, 10179.8, 260.933333333333, 3584.2, 5664.86666666666, 2503.66666666666, 10129.2, 4703.86666666666, 2510.06666666666, 5777.79999999999, 3583, 9131.20000000001, 4697.4, 2450.26666666666, 1361.13333333333, 
1068.66666666667, 5670.53333333332, 1321.13333333333, 109786.73333333, 165032.266666676, 165322.600000009, 165547.266666675, 
1268.06666666666, 13098.4000000001, 1370.86666666666, 24704.9999999999, 14563.9333333335, 80037.333333332, 163788.933333341, 38907.3999999997, 128309.999999996, 98921.7999999974, 164239.666666675, 165873.866666676, 164367.133333341, 
1253.4, 5768.79999999999, 8903, 164446.266666675, 165264.600000009, 165772.333333342, 
158.466666666667, 173.8, 2459.86666666666, 11195.8666666667, 3486, 7991.19999999999, 1335.73333333333, 3529.86666666666, 6768.66666666665, 11108.8666666667, 2466.46666666666, 3550.2, 5731.73333333332, 29979.7999999997, 5656.46666666666, 13334.0000000001, 11121.5333333334, 12242.1333333334, 4501.79999999999, 7796.66666666665, 1414.86666666667, 28407.1999999997, 23344.3333333332, 21230.4666666667, 27722.1333333332, 33236.933333333, 11202.2666666667, 164284.666666674, 83987.7999999985, 97191.866666664, 27540.0666666665, 20062.6666666667, 143375.400000001, 21241.2666666667, 77340.1333333321, 81669.3999999987, 110489.599999997, 57063.0666666662, 89716.5999999982, 47318.9333333329, 22397.7333333333, 55432.1333333328, 75463.5999999987, 156724.000000005, 136286.799999998, 122270.466666662, 26540.0666666665, 112064.199999997, 116304.466666663, 95120.0666666644, 48503.3333333329, 88950.399999998, 69197.9333333326, 163357.400000008, 39581.7333333329, 163934.733333341, 163893.733333342, 164061.933333342, 
3294.86666666667, 1315.4, 8995.33333333334, 3564.86666666667, 163313.600000008, 164151.933333342, 164566.666666675, 
1132.93333333333, 3523.13333333333, 1304.46666666667, 66562.3999999995, 9098.13333333334, 35546.9999999997, 165278.000000009, 45317.4666666662, 79150.6666666654, 165703.333333342, 165661.266666675, 165599.933333342, 
1253.66666666667, 3462.53333333333, 14293.0666666668, 165499.266666675, 154434.666666672, 165127.266666675, 164070.666666675, 165389.200000009, 
89.3999999999998, 2247.13333333333, 56090.7333333327, 35463.4666666663, 3572.8, 16831.5333333335, 21059.6666666667, 164711.266666675, 137452.066666664, 164078.533333342, 107493.733333331, 165247.533333342, 166026.266666675, 165358.533333342, 
264.533333333333, 1090.6, 1358.46666666666, 12274.0666666667, 66786.6666666661, 164307.000000009, 164747.600000008, 54970.4666666662, 164114.866666675, 17855.6666666668, 164427.000000008, 123366.733333329, 163483.666666674, 162516.666666674, 141065.333333333, 68155.9999999992, 164324.600000008, 147995.066666669, 164692.200000008, 163464.666666674, 28628.1999999998, 164234.133333341, 126261.466666662, 163658.266666675, 164091.266666675, 163429.200000008, 
18494.7333333334, 138943.866666665, 164822.000000008, 165216.933333341, 165855.533333342, 
2323.26666666666, 6819.73333333332, 4691.93333333333, 77064.999999999, 164511.333333341, 166037.666666675, 165606.933333342, 
121.666666666666, 1251.66666666667, 1289.8, 2428.2, 1363.86666666666, 1334.33333333333, 3431.4, 2375.4, 3578, 1282.66666666667, 3504.53333333333, 4521.33333333333, 1304.13333333333, 2399.73333333333, 4638.06666666666, 9034.73333333334, 8996, 4610.06666666666, 18855.2000000001, 10087.4, 2433.13333333333, 5800.59999999999, 2478.4, 6864.26666666665, 18975.4666666667, 15665.0666666668, 11332, 1382.2, 8973.53333333332, 4654.39999999999, 34386.4666666663, 10119.6, 11294.2, 8001.99999999999, 11246.0666666667, 5720.59999999999, 13424.5333333335, 1244.86666666667, 7997.59999999998, 1352.53333333333, 5720.59999999999, 27715.5333333331, 11258.5333333334, 11257.2666666667, 6850.13333333332, 14642.6000000001, 1341.6, 3577.46666666666, 3524.59999999999, 1307.73333333333, 1365.73333333333, 8027.13333333332, 3542.8, 1373.8, 6921.73333333332, 4703.19999999999, 15704.6000000002, 6827.33333333332, 31203.9999999997, 6877.06666666665, 5741.53333333332, 6820.73333333332, 2351.33333333333, 10247.8, 3443.6, 6871.53333333332, 4563.79999999999, 3553.06666666667, 5826.79999999998, 5790.59999999999, 14492.3333333335, 412.666666666666, 12369.1333333334, 15563.5333333335, 9039.13333333334, 11255.3333333334, 13646.5333333334, 3463.06666666666, 21143.5333333334, 3517.26666666666, 3607.93333333333, 16796.0666666668, 24537.7333333332, 14591.5333333335, 15624.2000000001, 16901.1333333335, 10145.4, 11358.5333333334, 8957.2, 13495.2666666668, 10185.0666666667, 11227.6000000001, 11134.5333333334, 14559.0000000001, 7961.53333333331, 11094.9333333334, 18970.4666666668, 16864.2000000001, 16848.9333333335, 9129.26666666667, 17992.9333333334, 1551.93333333333, 11215.0000000001, 2379.8, 64596.9333333326, 147316.133333335, 165949.533333342, 73077.3333333321, 66562.7333333324, 118830.33333333, 113446.266666663, 164947.200000008, 164373.666666675, 166100.866666675, 
7878.93333333332, 102911.666666664, 117759.066666664, 1346.4, 163877.600000009, 164225.000000008, 164572.666666675, 
187, 19965.4, 74807.199999999, 164596.866666675, 165529.666666675, 165258.333333342, 
185.333333333333, 281.666666666666, 163319.800000008, 164278.266666675, 164552.600000008, 
262.933333333333, 1215, 162953.200000008, 165485.533333342, 165115.600000008, 165270.933333342, 
164624.266666675, 164432.666666675, 164896.933333342, 
1201.46666666666, 10002.6, 8946.59999999999, 1336.8, 165330.666666676, 166105.933333342, 165613.933333342, 
3529.86666666666, 1303.73333333333, 11335.3333333334, 1250.6, 5713.06666666666, 51790.2666666662, 20066.4666666667, 38624.0666666664, 20987.7333333333, 34189.533333333, 3604.46666666666, 21071.6, 63853.8666666661, 48426.9999999997, 5697.99999999999, 12356.7333333334, 12427.8666666668, 163638.200000008, 76833.9333333322, 141864.999999999, 78241.7999999987, 5646.39999999999, 1369.46666666667, 55021.733333333, 12354.7333333334, 13200.9333333334, 36302.2666666663, 19700.4666666667, 51741.2666666662, 80268.5333333321, 13426.3333333334, 27683.0666666665, 18777.0666666667, 164466.933333342, 69586.1333333325, 145842.866666668, 25379.6666666665, 24536.1333333333, 87918.5333333316, 164091.666666675, 3575.06666666666, 164658.933333341, 27742.9999999998, 37392.6666666663, 26841.2666666666, 164345.333333341, 45326.9333333329, 163905.666666675, 163449.933333341, 163550.333333341, 
16287.1333333335, 15515.2666666668, 8938.33333333333, 61774.1999999993, 66700.3999999995, 125999.666666663, 164047.200000008, 40754.733333333, 83820.3333333317, 165741.266666675, 130261.466666663, 165426.333333342, 140788.133333332, 165494.533333342, 163824.666666675, 166239.666666675, 
4661.66666666666, 81808.3999999985, 66473.5333333325, 164418.600000008, 164385.466666675, 164663.933333342, 
163921.666666676, 70854.466666666, 86241.266666665, 143127.733333334, 8893.33333333333, 163748.666666675, 163059.933333342, 163127.733333341, 
207.4, 2232.93333333333, 1146, 141.2, 2256.6, 1165.8, 1312.66666666666, 2319.66666666666, 3449.66666666667, 1335.66666666667, 2410.2, 2403.33333333333, 10139.2, 3421, 4590.33333333333, 6772.26666666665, 4520.66666666666, 6847.93333333332, 2400.8, 2358.66666666666, 3438.86666666666, 1342.06666666667, 2465.86666666666, 2486.13333333333, 5708.59999999999, 1394.4, 7932.79999999998, 1272.26666666667, 2468.8, 2448.06666666666, 6789.99999999999, 3497, 3487.73333333333, 3525.13333333333, 2352.46666666666, 3538.06666666666, 1251.26666666667, 1284.73333333333, 2504.4, 2441.06666666666, 9121, 6832.46666666665, 1366.66666666666, 2369.13333333333, 2338.73333333333, 1344.4, 3474.8, 5666.39999999999, 3584.6, 1318.53333333333, 1422.6, 1316.53333333333, 1322.6, 1173, 6809.13333333331, 1318.46666666667, 1294.06666666666, 1311.4, 7911.99999999999, 1323.53333333333, 1207.66666666667, 3517.4, 3494.53333333333, 1316.86666666667, 1303.13333333333, 1311.53333333333, 8077.66666666665, 4536.93333333333, 1301.73333333333, 2412.73333333333, 3579.86666666666, 1230.13333333333, 1379.33333333333, 2492.33333333333, 1327.13333333333, 1237.6, 1255.53333333333, 1368.13333333333, 2422.6, 1371.06666666666, 1394.6, 1257.4, 2443.93333333333, 1391.2, 7840.99999999998, 4606.93333333333, 2434.8, 1312.6, 1356.8, 1220.53333333333, 2474.26666666666, 2495.33333333333, 2378.66666666666, 4722.99999999999, 1311, 3505.66666666666, 1242.86666666666, 5820.53333333333, 5760.59999999999, 237.733333333333, 1331, 1278.86666666666, 6826.26666666666, 3512.8, 2404, 2503.93333333333, 3593.66666666666, 2510.93333333333, 2487.2, 1338.8, 9032.13333333333, 3483.33333333333, 5739.33333333333, 3496.66666666666, 2470.13333333333, 5704.19999999999, 476.133333333333, 1345.26666666667, 1319.2, 7839.79999999998, 1336.93333333333, 2452.53333333333, 2360.66666666666, 1181.46666666667, 2459.46666666667, 
1102.66666666667, 2376.86666666666, 162935.000000008, 164352.600000009, 164963.933333342, 
180, 1237.4, 1254.6, 163177.000000008, 5545.73333333332, 78529.1333333321, 87565.3999999982, 128692.466666662, 164212.333333342, 163969.666666675, 163990.266666675, 
78.2666666666667, 19575.9333333334, 42835.8666666662, 164378.866666675, 164188.000000008, 117012.799999997, 164284.866666675, 163555.333333341, 163784.533333341, 
