1364.05, 163649.649999997, 163740.849999997, 163794.399999997, 
163705.649999997, 164007.449999997, 164667.599999997, 
164274.099999997, 21902.5499999997, 164372.949999997, 99864.1000000054, 163849.899999997, 164063.399999997, 164031.949999997, 
130.15, 75.5499999999999, 115.65, 153, 165039.899999997, 7917.15000000003, 164255.399999997, 164752.849999997, 164496.449999997, 
163243.949999997, 163369.399999997, 27572.9999999996, 165100.649999996, 164647.199999997, 164657.699999997, 
163813.599999997, 164087.149999997, 163768.899999997, 
145.9, 163888.399999997, 163887.649999997, 164104.649999997, 
1285.25, 6865.50000000003, 71858.6000000029, 162708.899999997, 164297.849999997, 163243.449999997, 
135, 163140.699999997, 162809.149999997, 162693.399999997, 
3469.15000000001, 164169.649999997, 124773.300000008, 164322.149999997, 164099.899999997, 163977.599999997, 
101763.800000006, 129210.300000008, 101960.050000006, 163762.699999997, 136889.850000006, 164390.899999997, 164296.649999997, 164107.899999997, 
222.95, 164200.649999997, 163897.699999997, 163731.149999997, 
136.6, 163196.149999997, 162908.149999997, 164735.149999997, 
64.9499999999999, 3496.25000000001, 164465.649999997, 163471.149999997, 162878.399999997, 
49.9999999999999, 2457.85, 164230.949999997, 163814.699999997, 164075.649999997, 
93.8499999999999, 94730.6500000049, 2367.35, 37586.2999999999, 5736.25000000002, 2433.85, 164979.649999997, 97805.9500000052, 164112.949999997, 164088.349999997, 163991.099999997, 
1297.1, 163834.399999997, 163828.699999997, 164244.149999997, 
160, 146506.350000002, 164117.649999997, 164051.849999997, 163953.449999997, 
66316.1000000025, 1334.75, 11248.95, 163361.449999997, 163542.899999997, 163411.399999997, 
163939.899999997, 164072.699999997, 164210.149999997, 
