114155.666666663, 1344.73333333333, 163489.000000008, 163399.666666675, 137118.533333331, 159223.400000006, 163697.333333341, 163656.333333341, 163066.666666675, 
149244.533333336, 163367.000000008, 163663.333333341, 163780.600000008, 
9170.46666666668, 103860.73333333, 163261.666666674, 163831.400000009, 163173.733333341, 
12413.4000000001, 67170.6666666659, 90414.9999999978, 163997.333333341, 163504.600000008, 163320.666666675, 
1388.66666666666, 57345.7999999995, 26628.1999999998, 164411.000000008, 163793.333333342, 164246.666666675, 
1239.8, 1264.06666666667, 3602.8, 37527.1999999996, 163289.000000008, 163214.933333341, 163033.000000008, 
28822.1999999998, 44179.7333333329, 24385.8666666666, 164268.333333341, 47621.5333333329, 68296.4666666659, 164193.666666675, 164071.333333342, 164145.666666675, 
150751.333333337, 155265.400000005, 163021.000000008, 163990.000000008, 163653.666666674, 
31880.0666666663, 164130.600000008, 164237.666666675, 163224.666666675, 
163498.200000008, 111970.466666663, 16755.4000000001, 39640.733333333, 58149.3999999995, 137343.066666665, 16692.7333333335, 66093.9999999994, 7977.39999999998, 22186.0666666667, 3557.86666666666, 160398.73333334, 163785.333333342, 163930.000000008, 163719.000000008, 
32211.933333333, 23018.7333333332, 164277.333333341, 16660.7333333335, 163814.600000008, 164698.933333342, 56061.5333333329, 163933.333333341, 36071.4666666663, 163361.600000008, 96351.3999999976, 163889.666666675, 163771.666666675, 128601.399999995, 164110.333333342, 163546.533333341, 163430.333333341, 
1306.8, 82375.933333332, 164022.333333341, 50605.5333333329, 163506.666666675, 163483.533333341, 148206.466666669, 155029.866666672, 105801.73333333, 105831.066666663, 17908.0666666668, 163624.333333341, 163390.666666675, 45072.5333333329, 164126.000000009, 62900.7333333328, 38493.5999999996, 163732.600000008, 163326.333333341, 164798.666666675, 
5660.13333333333, 10066, 163736.666666674, 163073.333333341, 10110, 3471.13333333333, 21004.0666666667, 8920.46666666667, 3586.53333333333, 22242.4, 72065.6666666659, 163512.666666675, 106122.73333333, 163520.000000008, 76375.7333333323, 163286.333333341, 163371.933333342, 163834.000000009, 
80179.0666666654, 163584.666666675, 130658.999999996, 79658.733333332, 96373.7999999975, 23324.4666666666, 163353.600000008, 163062.666666674, 164633.666666675, 
163602.200000008, 163624.333333341, 163390.666666675, 
173.8, 2489.66666666666, 5749.86666666666, 78311.5333333321, 53707.1999999996, 164249.666666675, 161133.066666674, 163484.666666674, 163098.000000008, 163718.600000008, 
105503.799999997, 15400.2000000002, 82133.0666666651, 163956.666666675, 163971.333333341, 141901.466666666, 42824.1999999996, 163792.933333342, 164055.000000008, 163372.266666675, 
119304.399999996, 73417.1333333324, 163835.333333342, 163534.000000007, 163806.333333342, 
2442.8, 137731.399999998, 27473.2666666665, 163718.333333342, 117090.733333329, 163760.266666674, 118052.799999996, 163551.666666675, 163731.266666675, 163731.000000008, 
27160.0666666665, 162752.333333341, 163185.000000008, 163316.666666675, 
3487.46666666667, 31115.3333333331, 70708.7999999993, 163008.666666675, 163202.333333341, 163630.600000008, 
163408.666666674, 163489.333333341, 163187.000000008, 
25607.1333333332, 163033.333333341, 77410.3999999988, 163247.933333341, 164157.000000008, 41738.7999999996, 163273.666666674, 114473.733333329, 162982.000000008, 163378.000000008, 163108.000000008, 
29766.733333333, 164048.266666675, 164160.666666675, 16715.2000000001, 163895.666666675, 163200.000000008, 33263.7333333331, 112113.399999996, 163332.333333341, 163539.933333342, 162926.000000008, 
163975.000000008, 164140.666666675, 118228.066666663, 164392.933333342, 77603.0666666655, 144374.266666668, 163157.866666675, 163414.333333341, 94507.7333333311, 68121.7333333327, 28677.7333333331, 163896.333333341, 164556.333333341, 3549.86666666666, 21007.4, 163816.266666675, 163884.933333342, 88378.7333333313, 163587.666666675, 162776.333333341, 75557.0666666656, 163902.333333341, 163505.666666674, 163933.333333341, 
13125.7333333334, 11391.7333333334, 11109.8666666667, 163862.000000008, 163382.666666675, 163240.000000008, 
56220.5333333327, 162946.666666675, 37654.3999999996, 163808.866666675, 163179.333333341, 163883.333333342, 
164058.000000008, 163749.000000008, 163266.333333341, 
2409, 163713.000000009, 163893.000000009, 51405.5999999996, 163786.533333341, 65651.0666666663, 124466.066666662, 163351.333333342, 163316.666666675, 163730.533333341, 
213.133333333333, 35477.0666666663, 11240.4666666667, 26542.7999999998, 121293.466666663, 163512.333333341, 142291.466666666, 101975.799999997, 163404.666666675, 78130.1999999989, 56317.8666666661, 163319.666666675, 45930.4666666663, 164028.333333341, 163640.000000008, 164032.000000008, 

