8073.26666666665, 163812.000000008, 88505.6666666646, 164490.933333342, 163478.666666675, 163664.000000008, 
163154.266666675, 163348.333333342, 83034.1999999984, 34216.0666666663, 164147.666666675, 164196.666666675, 164160.666666675, 
3569.46666666666, 22124.4, 86604.7999999983, 57556.5999999995, 165241.933333342, 55328.0666666661, 164456.000000008, 131329.399999996, 164077.666666675, 163831.000000008, 164471.666666675, 
164053.000000009, 2432.86666666666, 39563.1999999996, 34089.1999999996, 164020.666666675, 163868.666666675, 164519.333333341, 
163155.333333342, 164033.000000008, 106778.399999997, 163718.600000008, 163896.666666675, 165759.000000008, 
15350.7333333335, 2494.93333333333, 24016.7999999999, 56602.9333333331, 4623.99999999999, 27247.3999999998, 163190.333333341, 40655.4666666663, 25485.0666666665, 164177.333333342, 165127.266666675, 165429.333333342, 
1350.13333333333, 23132.4666666666, 4587.26666666666, 33139.733333333, 164402.333333341, 14309.4666666668, 7990.19999999998, 26358.8666666665, 139506.8, 93315.5999999981, 94308.599999998, 116487.466666663, 25601.7333333332, 41474.2666666663, 13400.4000000001, 15540.5333333335, 43090.9999999996, 41478.1999999997, 14392.6666666668, 142405.200000001, 37464.7333333329, 36339.7999999996, 49554.4666666663, 30834.733333333, 96814.733333331, 20044.9333333334, 27849.1333333332, 2497.73333333333, 95089.1999999982, 15499.0000000001, 56024.0666666662, 12282.1333333334, 97919.7999999973, 12211.2666666667, 110783.999999997, 97638.5333333306, 9992.66666666669, 136065.733333331, 7928.06666666665, 106164.199999997, 46264.9333333329, 23209.3999999999, 26660.1333333332, 8000.86666666665, 119630.799999997, 5755.73333333332, 27746.0666666665, 79435.1999999989, 17774.1333333334, 81225.5333333319, 70204.1333333325, 125134.533333329, 164292.333333341, 58282.3999999995, 66526.7999999995, 40555.6666666663, 43836.7999999997, 63776.7333333328, 26745.9333333332, 33288.3999999997, 63709.2666666662, 36244.7999999996, 21896.5333333333, 55102.3333333328, 28694.2666666665, 38675.3999999997, 3581.46666666666, 35237.2666666663, 12179.8666666667, 35038.3999999996, 43910.733333333, 80233.3999999987, 96090.9999999977, 106803.866666664, 11131.1333333334, 49795.9333333328, 82388.7999999985, 44995.7999999996, 11354.0666666667, 58116.8666666662, 164331.666666675, 42055.5333333329, 62704.6666666663, 67156.6666666659, 41731.5333333329, 21852.8666666666, 89626.5333333313, 163820.333333342, 44820.3333333329, 128142.399999995, 2445.53333333333, 57473.0666666661, 33027.333333333, 100538.999999997, 164224.333333342, 114442.066666663, 81050.1999999986, 144875.600000001, 65917.0666666661, 143325.866666668, 16790.2000000001, 98826.3999999976, 47282.0666666662, 26388.2666666665, 80227.7333333319, 164017.000000008, 164031.266666675, 164155.000000009, 
65605.1999999996, 163354.600000008, 164359.666666675, 163462.666666674, 
22321.1333333333, 165300.600000008, 53044.1333333327, 165761.333333342, 165055.000000008, 165605.333333342, 
40811.733333333, 37558.8666666663, 162147.733333341, 22119.6666666666, 165552.333333341, 24446.1999999999, 30028.9999999998, 19985.5333333334, 7846.39999999998, 141236.733333333, 164080.333333342, 104383.533333331, 62750.4666666662, 134783.799999997, 38810.2666666663, 26612.7333333332, 163050.666666674, 165232.333333342, 163680.933333341, 
2366.13333333333, 163059.000000008, 41537.8666666663, 163896.333333342, 163233.000000008, 163562.666666675, 
17662.8000000001, 2389.33333333333, 27984.3333333332, 126867.866666662, 166394.933333342, 165242.333333342, 165659.333333342, 
73848.199999999, 11188.1333333334, 35368.0666666663, 10027.8666666667, 7814.13333333331, 25554.4666666666, 164141.000000008, 23249.1333333332, 27535.7999999998, 78941.7999999987, 19937.2, 61904.3999999993, 46366.7333333329, 33000.9999999996, 55198.6666666662, 23149.2, 18885.8000000001, 22250.4666666666, 24415.7999999999, 40719.1333333329, 3563.8, 69931.466666666, 163446.666666675, 163460.666666675, 163513.000000008, 
2275.73333333333, 110.666666666667, 6781.99999999998, 33489.9999999997, 164982.333333342, 164653.600000008, 164697.333333342, 
82.8, 25292.1333333332, 1404.6, 164058.666666675, 116604.73333333, 102833.866666665, 163624.666666675, 161866.466666674, 126489.133333329, 110157.799999997, 164513.333333342, 163940.666666675, 51432.133333333, 124721.666666662, 110421.866666663, 164147.333333342, 164483.266666675, 86668.9333333316, 14612.4000000001, 124210.399999995, 163948.333333342, 164005.333333342, 163511.000000008, 
1334.93333333333, 164304.333333342, 162981.000000008, 165257.600000008, 
5748.53333333332, 163203.333333341, 163687.000000008, 163114.333333342, 
24379.9999999999, 87565.7999999982, 163861.666666674, 163778.266666674, 147903.466666669, 163940.000000008, 164132.333333341, 136116.73333333, 164094.666666675, 163524.666666675, 163081.600000009, 
25588.3999999999, 123838.999999996, 163222.666666675, 7992.53333333331, 164513.666666675, 164556.333333341, 163855.333333342, 
10174.4, 164520.000000008, 164390.266666675, 9943.06666666668, 147368.800000002, 164785.333333342, 164927.333333341, 99144.9333333313, 138744.466666665, 165146.000000008, 165486.600000008, 165152.000000008, 
