163443.266666675, 29865.4666666664, 39705.0666666663, 164144.333333342, 163521.333333342, 133188.066666663, 163402.600000008, 163768.333333341, 163274.666666675, 
55408.4666666663, 163146.266666675, 162858.000000008, 163906.000000009, 
163699.666666675, 5689.73333333332, 86252.266666665, 163784.000000009, 76475.5333333321, 75609.3999999989, 6819.19999999999, 163812.266666675, 163799.666666675, 163249.333333342, 
2408.26666666666, 15685.8000000002, 163033.000000008, 163571.333333342, 151162.600000005, 167277.266666679, 163246.066666675, 163281.666666675, 
11243.5333333334, 164128.333333342, 155555.733333338, 163835.333333342, 163833.333333342, 164050.666666675, 
95141.0666666643, 163381.266666675, 156965.066666672, 1591, 4795.06666666666, 11524.2666666667, 133958.466666663, 164735.933333342, 73298.0666666656, 163606.000000008, 159157.73333334, 163578.000000008, 163863.333333342, 159288.400000006, 163733.933333341, 164090.666666675, 163675.000000008, 
2503.26666666666, 23202.6666666666, 162945.333333341, 163473.600000008, 163573.000000008, 
97846.933333331, 164316.333333342, 164008.666666675, 163941.666666675, 
43843.533333333, 163431.600000008, 161088.066666674, 163242.333333341, 29866.7333333331, 155209.733333338, 163964.000000008, 164257.000000008, 163572.666666675, 
1307.33333333333, 135172.466666664, 77001.1999999988, 113976.13333333, 163732.666666675, 163952.333333342, 164442.000000008, 
163995.333333342, 16476.3333333335, 163895.933333341, 71077.7999999991, 164229.000000008, 139503.733333332, 22040.8666666666, 138651.599999998, 163486.333333341, 163993.666666675, 163748.600000008, 
183.8, 2471.46666666666, 163441.000000008, 163756.333333342, 163791.333333341, 
163572.000000008, 151519.000000003, 163268.000000008, 164264.266666675, 114730.399999996, 163407.000000008, 15467.0666666668, 163360.666666675, 164604.666666675, 163565.333333342, 
15421.3333333335, 163457.333333341, 51814.7999999995, 130621.866666662, 163450.666666674, 164082.666666675, 163670.666666675, 
5799.79999999999, 163824.333333341, 163442.333333341, 163692.600000008, 
3554.73333333333, 163209.333333341, 163315.333333341, 163326.666666675, 
12368.3333333334, 45389.2666666661, 50742.7999999996, 164539.666666675, 162965.000000008, 115565.999999996, 163861.666666674, 163892.333333342, 163845.666666675, 
62530.7999999996, 163706.333333341, 166046.333333342, 164164.266666675, 
221.066666666667, 1321.73333333333, 163972.000000009, 17908.1333333334, 164129.666666675, 163344.000000008, 163473.000000008, 
2381.73333333333, 157.133333333333, 163243.000000008, 163048.333333341, 163382.933333341, 
