112507.066666664, 164593.333333341, 22067.6, 164826.066666675, 163733.666666674, 164450.000000008, 
4548.66666666666, 6810.79999999998, 39917.0666666663, 114627.466666664, 164883.400000007, 164585.333333341, 27788.0666666665, 165096.533333341, 89121.1999999983, 142265.666666668, 165080.600000008, 141003.933333333, 153591.666666671, 164942.933333341, 12189.0666666667, 140693.266666666, 163832.600000008, 163376.000000008, 163719.600000008, 
62426.1333333329, 163368.666666674, 60328.533333333, 118975.266666663, 13369.0666666668, 56912.6666666663, 45017.7999999996, 55664.7333333329, 107373.799999997, 99937.9999999976, 85647.7333333316, 25670.8666666666, 44262.1999999996, 39713.5333333331, 83747.0666666655, 124219.999999997, 9970.20000000002, 36450.2666666663, 4647.93333333332, 164134.400000008, 32980.3999999997, 34421.5999999997, 60460.6666666661, 74619.4666666657, 11163.4666666667, 33281.3999999997, 122136.666666663, 32007.2666666664, 61032.0666666663, 164244.666666675, 156173.733333338, 94434.266666664, 59642.0666666661, 60036.8666666662, 135342.73333333, 96870.1333333311, 163368.400000008, 135205.066666663, 40722.4666666663, 42052.1999999996, 162908.066666674, 15201.4000000002, 139784.733333332, 164170.666666675, 164151.400000008, 164558.666666674, 
142141.066666666, 162775.333333341, 163183.000000008, 144827.266666667, 162670.066666675, 162777.400000008, 97850.3999999974, 163678.266666674, 163758.466666675, 163484.000000007, 
121.533333333333, 43048.3333333329, 30978.8666666665, 60703.3333333327, 27823.7333333332, 164448.066666675, 163956.333333342, 163754.733333342, 
2403.33333333333, 88261.2666666651, 35932.2666666662, 164025.733333341, 165173.000000008, 163837.066666675, 
1266.6, 10251.4666666667, 74732.5999999989, 165068.400000007, 164019.400000008, 165041.600000008, 
193, 165074.400000008, 164876.066666674, 164854.400000008, 
166.4, 5720.79999999999, 21004.0666666667, 164639.066666674, 54930.1999999995, 43973.2666666663, 74790.2666666657, 66037.4666666663, 117487.53333333, 164354.800000008, 164701.400000008, 151330.933333337, 123020.999999996, 60489.8666666661, 46103.6666666663, 162457.800000007, 136968.466666665, 152205.06666667, 164078.066666674, 164465.066666675, 130337.466666663, 164540.333333341, 164745.600000009, 98743.3999999977, 138127.199999999, 164699.866666674, 164362.600000008, 132520.066666664, 164548.600000007, 146848.200000002, 143004.666666667, 164644.000000008, 164304.933333341, 68214.1999999991, 82371.3999999988, 164281.733333341, 164423.133333341, 164737.733333342, 
3469.46666666666, 18689.8000000001, 5589.53333333333, 105206.33333333, 163431.066666674, 28778.6666666665, 164441.000000009, 164539.200000008, 128090.13333333, 164257.266666674, 164412.600000008, 164349.933333342, 
3524.2, 16540.5333333335, 133566.399999996, 148399.800000002, 162928.666666674, 19597.7333333334, 27554.3999999999, 70835.9999999993, 63308.3333333331, 61370.3999999995, 65759.9999999995, 91759.2666666647, 96642.7999999977, 64861.9999999995, 93250.9333333311, 163412.333333341, 163695.200000008, 107749.599999997, 163667.666666675, 55676.733333333, 163557.600000008, 144984.866666667, 30964.2666666664, 55219.3999999995, 71697.0666666658, 162985.333333341, 32791.1333333329, 37155.533333333, 156679.733333339, 50399.6666666663, 95146.0666666643, 44922.7999999996, 26402.7999999999, 5771.79999999999, 100249.333333331, 96990.333333331, 163672.600000007, 163157.600000008, 40449.7333333329, 34002.0666666663, 28463.6666666664, 163067.000000008, 163250.333333341, 163004.333333341, 
162767.933333341, 116971.266666663, 154154.066666671, 162678.466666674, 162521.733333341, 74140.066666666, 114965.599999997, 152801.46666667, 163845.400000008, 163451.000000008, 164184.666666675, 
1281.86666666666, 77561.9999999987, 76031.9333333323, 164407.066666675, 164831.533333341, 163977.000000008, 
5597.39999999999, 17522.4666666668, 2442.4, 97360.7999999978, 164076.866666675, 163410.266666674, 163712.666666674, 
130.733333333333, 28741.9999999998, 22085.9333333333, 29775.3999999998, 73950.1999999992, 119088.866666663, 48337.9999999995, 13231.0000000001, 140918.2, 16686.0000000001, 2415.2, 53811.7333333329, 58175.1999999996, 40577.7999999996, 57010.6666666662, 23257.3333333333, 2418, 105624.733333331, 58132.333333333, 163278.000000008, 54748.133333333, 38275.533333333, 39729.1999999996, 59456.3333333327, 90491.1999999979, 80166.6666666656, 6775.73333333332, 34157.6666666664, 18078.6000000001, 11153.8, 44030.7333333329, 26506.1333333331, 32207.8666666664, 48221.3999999996, 124436.866666663, 40014.9333333329, 98020.5999999975, 57765.5999999996, 88717.1999999984, 52679.6666666663, 84212.7333333319, 41987.7999999996, 48382.8666666663, 32811.4666666663, 163535.066666674, 139211.799999999, 131643.466666662, 163887.066666674, 39919.8666666663, 147372.133333335, 114881.999999996, 116157.266666663, 113592.066666663, 11109.9333333334, 101786.733333331, 153824.266666671, 98220.0666666643, 163442.066666674, 163927.266666674, 163634.000000008, 
24353.5333333332, 5582.39999999999, 142129.133333333, 164526.400000008, 164836.066666674, 164142.400000008, 
145, 162877.400000008, 51805.5999999995, 163999.400000008, 163659.400000008, 163639.066666675, 
162903.066666675, 108466.333333331, 162901.066666674, 90929.1333333314, 163879.400000008, 120353.399999996, 163755.733333341, 163874.733333341, 163926.066666675, 
29556.9999999997, 123884.33333333, 48147.7999999996, 80095.3333333321, 30903.8666666664, 47239.5999999996, 164196.066666674, 5756.46666666666, 162905.733333341, 123720.933333329, 18817.9333333334, 160379.933333341, 23355.1999999999, 50558.4666666663, 56982.8666666662, 31978.8666666664, 95128.3333333313, 152186.733333338, 163536.666666674, 58747.333333333, 104368.666666664, 105785.399999997, 163102.400000008, 127127.466666662, 72925.9333333324, 56595.3333333329, 114641.999999996, 80456.3999999986, 68800.5999999993, 28584.6666666665, 14403.2000000001, 21113.3333333334, 148307.600000002, 77013.9333333321, 95540.6666666644, 5758.06666666666, 22203.7333333333, 39412.333333333, 62914.4666666665, 37464.1999999996, 16726.3333333335, 69924.5333333325, 43907.6666666663, 50683.3333333329, 12228.1333333334, 83296.5999999986, 18827.6666666667, 94178.9333333311, 124563.666666663, 91897.199999998, 16813.0666666668, 164195.733333342, 5718.13333333332, 67698.8666666662, 73888.1333333323, 15502.0666666668, 63962.333333333, 163462.066666673, 13190.4000000001, 163622.666666674, 91222.9333333309, 142348.333333333, 64680.3333333329, 98549.4666666642, 134.266666666666, 17701.6000000001, 162626.466666674, 6873.39999999999, 117279.799999996, 82072.5333333319, 150787.46666667, 39636.933333333, 75216.5333333325, 96278.933333331, 64579.133333333, 163969.666666675, 76561.4666666655, 30627.133333333, 36546.0666666664, 159573.000000006, 1331, 15577.6000000002, 156347.733333339, 163457.066666674, 31890.2666666663, 134015.466666663, 40383.333333333, 103595.266666664, 45954.9999999996, 4710.86666666666, 42869.733333333, 65896.3333333328, 59207.5333333328, 162992.066666675, 75268.7999999991, 69943.7333333327, 163309.800000008, 162972.733333341, 91368.399999998, 107390.799999997, 163175.733333341, 141247.799999999, 5619.73333333332, 22000.4, 36345.333333333, 162265.333333341, 64882.3333333327, 21902.0666666666, 40623.4666666663, 43840.6666666662, 7862.66666666665, 3528.13333333333, 22246.6666666666, 16516.3333333335, 5664.33333333332, 23045.5999999999, 163346.066666674, 41394.3999999996, 162946.666666674, 91408.5333333312, 20808.0666666667, 49330.7999999996, 16544.6000000001, 87632.9999999983, 136405.599999998, 
162642.666666675, 56532.9999999996, 129120.999999995, 163088.733333341, 162791.066666675, 127787.466666662, 164252.066666675, 37055.5999999996, 162705.400000008, 117117.933333329, 162760.066666675, 163561.733333341, 163503.066666675, 
