1313.73333333333, 163468.866666675, 164102.600000008, 162888.333333341, 
23068.3999999999, 163788.266666675, 163540.000000008, 73821.999999999, 163881.266666675, 163810.266666675, 163666.600000008, 
43130.8666666663, 94435.6666666645, 44154.7333333329, 164568.866666674, 164685.600000008, 163681.333333341, 
163440.600000008, 38593.7999999996, 163335.333333341, 22218.6, 163827.466666675, 163902.266666675, 163502.933333342, 
163849.200000009, 163127.466666675, 163842.800000008, 
163658.933333341, 11201.0666666667, 163675.666666675, 163772.000000008, 164023.933333342, 
40731.7999999997, 97682.3333333309, 40713.7999999996, 163610.933333342, 94116.3999999978, 163445.266666674, 164828.600000008, 163388.666666674, 
1307.6, 164943.266666674, 163683.000000008, 165307.933333342, 
164007.666666675, 65332.9999999997, 163080.933333342, 33198.8666666664, 163333.666666674, 163161.333333341, 163307.600000008, 
77153.1999999986, 162912.000000008, 52789.6666666663, 52723.6666666663, 163574.666666675, 164259.666666675, 163682.933333342, 
163247.333333341, 163915.666666675, 163416.000000008, 
163720.933333342, 98735.3333333309, 163717.200000007, 164208.600000009, 164023.600000008, 
100940.533333331, 163944.000000009, 163903.933333342, 164200.666666675, 
122281.399999996, 162929.266666675, 23219.7333333333, 139427.466666666, 163176.466666675, 163300.333333341, 163556.000000008, 
163458.933333341, 68881.3333333328, 163965.666666675, 164340.933333342, 162964.266666674, 
163977.266666675, 152145.333333338, 128159.066666662, 164226.000000008, 163794.333333342, 163263.266666675, 
3591.8, 143026.666666667, 122472.999999996, 163378.266666675, 163263.266666674, 164198.000000009, 
67592.5999999997, 2348.4, 163042.933333341, 163515.000000008, 164276.333333342, 
148956.666666669, 59506.266666666, 43650.1999999997, 105575.066666663, 164444.200000008, 163603.933333341, 55048.3999999996, 163764.666666675, 164044.266666675, 163519.000000008, 
163560.600000008, 162990.000000008, 163296.666666675, 
163262.600000008, 100876.533333331, 163120.000000008, 164644.600000008, 3459.13333333333, 164016.266666675, 163829.266666675, 163675.666666675, 
30784.5999999997, 162971.000000008, 164076.866666675, 163757.666666675, 
163124.600000008, 163850.600000008, 90955.0666666649, 164060.266666675, 138949.733333332, 163881.600000008, 163926.000000008, 87455.6666666648, 163897.933333342, 163329.266666675, 163487.000000008, 
164334.600000008, 164510.666666675, 163422.333333341, 
11275.1333333334, 164113.266666675, 163982.333333342, 163896.333333341, 
163725.933333341, 163514.666666675, 163824.600000008, 
143435.733333334, 163760.000000008, 164385.666666675, 163179.933333341, 
2372.13333333333, 68244.7333333327, 164294.266666675, 163355.666666675, 163422.933333341, 
164166.333333342, 61482.1999999995, 163213.266666675, 163290.600000008, 163794.333333342, 
163462.933333341, 164089.666666675, 164176.600000008, 
