8900.53333333333, 52362.0666666662, 110288.33333333, 164600.933333342, 164451.933333342, 164646.000000008, 
122475.866666662, 25297.2666666665, 163732.266666675, 164915.266666674, 164395.866666675, 
163402.266666674, 62011.733333333, 164000.933333342, 164861.933333341, 164812.333333342, 
1184, 3241, 7922.59999999999, 10159.2666666667, 164275.266666675, 163491.733333341, 75998.7999999988, 164678.600000008, 164497.600000009, 165045.933333341, 
1325.06666666666, 10986.3333333334, 88175.7333333313, 164508.133333342, 164644.000000008, 164560.266666675, 
1098.53333333333, 4631.66666666666, 164877.933333342, 164472.933333341, 164240.333333341, 
3343.6, 45399.1333333329, 21194.1333333334, 165085.266666675, 165498.533333342, 165397.600000008, 
1303.86666666666, 5669.73333333332, 3504.53333333333, 44101.9333333329, 68452.666666666, 65948.3999999993, 164624.600000008, 86852.0666666647, 165086.266666675, 25456.4666666666, 144515.533333335, 40618.133333333, 81568.1333333319, 164724.733333341, 164788.333333341, 165606.866666675, 
16741.1333333335, 2417.93333333333, 22125.5333333333, 164612.600000008, 164275.266666675, 164615.600000008, 
87288.7333333313, 125504.999999995, 6787.66666666665, 162367.333333341, 138935.866666665, 164779.200000008, 56957.1333333329, 143259, 119500.399999996, 163894.933333342, 163872.933333341, 163254.666666674, 
258.2, 164400.866666675, 164999.600000008, 164793.333333341, 
186.8, 164713.200000009, 164114.600000008, 164024.866666675, 
1197.8, 3471.46666666666, 5487.86666666666, 6686.59999999999, 164987.333333341, 164732.000000008, 159487.73333334, 166006.533333342, 164079.600000008, 164612.266666675, 
5721.13333333333, 1319.13333333333, 163886.533333342, 3594, 20244.2666666667, 122351.266666662, 162999.866666675, 164150.266666675, 55742.7333333329, 164133.666666675, 163934.666666675, 141989.466666666, 163921.333333342, 163637.000000008, 73101.9333333324, 164122.666666676, 163774.666666675, 80247.8666666653, 165002.600000008, 78382.3333333322, 164234.666666675, 57330.5333333328, 164529.933333342, 164632.866666675, 164495.600000008, 
169.4, 111878.666666664, 164425.333333341, 165009.533333341, 165942.933333341, 
1085.46666666667, 1147.93333333333, 2228.26666666666, 3351.33333333333, 7858.53333333331, 17543.3333333334, 42831.6666666663, 164676.333333341, 164726.266666675, 164992.933333342, 
180.666666666666, 250.066666666666, 163970.333333341, 164260.266666675, 164368.266666675, 
1106.06666666667, 223.333333333333, 226.666666666667, 1281.6, 5623.86666666665, 24329.8666666665, 165084.533333342, 164929.666666675, 164763.600000008, 
7618.73333333332, 164406.600000008, 3575.26666666666, 164744.266666675, 164730.666666675, 164472.933333342, 
153652.400000004, 5556.06666666666, 54525.9999999996, 164801.600000008, 164569.333333342, 164516.000000008, 
208, 145.733333333333, 1168.66666666667, 2316.46666666666, 3403, 1283.73333333333, 8804.66666666667, 6662.19999999999, 3476.66666666666, 2404.06666666666, 2294.86666666666, 12256.1333333334, 84050.1999999983, 146322.600000002, 163975.666666675, 155082.333333338, 3405.6, 163904.866666675, 95162.9999999977, 48481.8666666662, 128976.399999995, 60287.3999999996, 89202.3333333313, 163253.666666675, 108095.399999996, 163413.733333341, 163099.000000008, 163390.933333341, 
166.666666666667, 223.333333333333, 228.733333333333, 30908.9999999997, 58313.3999999994, 164837.333333341, 165047.600000009, 165147.000000008, 
1090, 6671.06666666665, 34382.1999999997, 1344.06666666667, 165741.600000008, 164076.600000008, 163670.266666674, 
4592.66666666666, 24125.2666666665, 86803.3333333317, 164496.333333342, 164859.933333341, 164746.666666675, 
8696.73333333333, 163480.000000008, 6782.33333333332, 164717.933333342, 164936.266666675, 165114.266666675, 
1188.73333333333, 148.4, 186.066666666666, 16721.4666666668, 164998.866666674, 164901.333333342, 59581.066666666, 168518.666666679, 45740.9333333329, 169528.200000013, 171639.733333346, 170778.133333345, 
167284.06666668, 166890.733333346, 168172.066666679, 
3493, 132723.133333327, 16978.3333333335, 167853.400000013, 45007.8666666663, 59561.5333333329, 167343.533333346, 168758.933333346, 168891.400000013, 
2201.2, 236.933333333333, 236.266666666666, 213.933333333333, 293.2, 1162.4, 1277.4, 1301.06666666666, 216.6, 227.4, 230.266666666666, 219.6, 184.4, 184.733333333333, 182.6, 2390.2, 3485.93333333333, 234.266666666666, 3481.93333333333, 1242.4, 1251.53333333333, 2394.8, 1313.93333333333, 7052.73333333332, 54675.7333333327, 130137.666666662, 44051.1999999995, 167849.200000012, 168568.200000013, 168945.533333346, 
8304.53333333334, 167589.066666679, 168545.400000013, 168899.400000012, 
