3486.50000000001, 19775.4499999998, 10991.55, 57681.7000000017, 54891.5500000015, 58791.4500000019, 164151.899999997, 164264.199999997, 163129.849999997, 
163018.899999997, 163105.549999997, 149074.250000002, 163221.399999997, 162967.599999997, 162782.099999997, 
164019.599999997, 163781.549999997, 164086.899999997, 
126.1, 1301.55, 11077.7, 163338.999999997, 39457.9000000001, 163390.899999997, 163622.949999997, 163775.149999997, 
5813.75000000002, 10224.4, 4634.35000000001, 1324.9, 1370.95, 17870.8999999998, 6791.90000000002, 11311.25, 26667.8999999996, 67385.0500000025, 5779.55000000002, 136.6, 1338.15, 2393.15, 163439.899999997, 163805.449999997, 163678.849999997, 
25.5, 25.5, 25.5, 152, 1399.1, 3526.95000000001, 1340.25, 6847.05000000003, 144.35, 4672.10000000001, 5612.55000000002, 8895.55000000002, 52992.0000000013, 11231.5, 42074.7000000003, 6847.55000000003, 163654.449999997, 11218.3, 163946.649999997, 163705.599999997, 163731.899999997, 
145.5, 81.9499999999999, 10979.2, 6677.00000000003, 163993.399999997, 101673.700000006, 164177.149999997, 163980.649999997, 164232.199999997, 
29.2, 101.95, 167.95, 96.0999999999999, 1286.4, 2402, 1364.9, 190.4, 3413.20000000001, 5636.60000000002, 4598.35000000001, 163692.649999997, 163382.899999997, 163408.649999997, 
27.7, 85.5999999999999, 164065.999999997, 164107.399999997, 164096.399999997, 
187.3, 1306.95, 1185.15, 13377.3499999999, 108973.300000006, 46480.4000000007, 66026.5500000024, 31975.8499999995, 20140.8999999998, 32368.5999999995, 11205.7, 25491.2499999997, 17761.4499999998, 10158.8, 42871.2500000004, 148308.950000002, 3491.10000000001, 99212.5000000053, 164217.149999997, 164287.899999997, 164332.149999997, 
55.35, 59.9999999999999, 56.85, 130.55, 172.75, 113.75, 164002.849999997, 163990.099999997, 163833.399999997, 
71875.550000003, 39178.7, 6752.65000000003, 28469.7499999996, 27321.8499999996, 5661.60000000002, 163724.149999997, 163866.899999997, 163665.399999997, 
91.4499999999998, 90131.8500000046, 4658.75000000001, 164267.349999997, 57269.5000000017, 80250.2500000037, 12342.3999999999, 164447.449999997, 120606.900000007, 151477.100000001, 164633.599999997, 163850.149999997, 163545.349999997, 
148.95, 157.75, 22064.0499999997, 76959.6000000034, 164483.849999997, 164396.149999997, 115200.500000007, 164370.349999997, 126912.200000008, 162936.849999997, 24055.0499999997, 162993.899999997, 163114.849999997, 163103.949999997, 
25577.8999999997, 23463.1999999997, 10066.3, 163536.149999997, 127989.050000008, 163392.399999997, 164000.849999997, 164102.399999997, 
25.5, 25.5, 3461.45000000001, 193.4, 4640.60000000001, 3557.15000000001, 160.45, 204.8, 1283.45, 249.8, 259.25, 199.45, 2439.7, 1391.6, 166.35, 2414.8, 68059.8500000027, 24288.7999999997, 3460.60000000001, 1406.9, 106209.550000006, 164445.949999997, 126220.100000008, 38783.5000000001, 164212.699999997, 164123.049999997, 164488.099999997, 
163429.199999997, 163308.849999997, 164348.899999997, 
65.9999999999999, 126.05, 1260.2, 212.8, 2515.2, 29010.4999999996, 7913.70000000003, 9097.25000000002, 124037.950000008, 16640.7499999999, 164556.599999997, 43942.3500000005, 164670.899999997, 30948.9999999995, 52735.4500000013, 164023.399999997, 143697.750000004, 164144.849999997, 164590.649999997, 163850.899999997, 
81.5499999999999, 81.5499999999999, 4576.00000000002, 4657.80000000002, 12395.3999999999, 21063.1999999998, 164292.899999997, 164020.899999997, 163180.199999997, 
105106.150000006, 63638.2000000023, 164486.999999997, 12141.75, 164319.399999997, 15604.7499999999, 24235.4999999997, 29549.9499999996, 13245.0499999999, 14374.2499999999, 1331.8, 15438.8999999999, 82802.950000004, 65340.0500000023, 163454.649999997, 164152.099999997, 164044.149999997, 
