1334.33333333333, 163785.666666675, 164331.533333341, 78311.0666666655, 13393.5333333334, 147423.066666668, 164089.000000009, 36375.533333333, 3457.2, 164760.866666675, 40960.3999999996, 2432.13333333333, 50112.9999999995, 100423.466666664, 163088.933333341, 109763.53333333, 85788.5333333315, 164576.933333342, 25336.1333333332, 24396.1999999999, 71835.7333333322, 93892.9999999983, 164025.000000009, 106311.399999997, 163275.133333342, 42179.3999999996, 153390.733333337, 42929.6666666662, 129998.066666663, 142928.666666667, 134706.999999997, 77435.4666666655, 156711.466666672, 128623.533333328, 163633.466666675, 132809.266666663, 116971.73333333, 108806.53333333, 74643.3333333323, 130924.333333328, 163460.533333341, 9016.6, 163955.200000009, 107696.93333333, 141456.066666666, 48446.7999999996, 163853.200000008, 164401.600000009, 164241.333333342, 
1368.73333333333, 98107.866666664, 54280.066666666, 37682.6666666663, 86482.5999999983, 64330.3333333327, 164027.000000008, 164654.000000008, 164192.333333342, 
163365.600000008, 47181.9999999996, 164389.933333341, 164852.600000009, 165556.200000009, 
4499.93333333333, 163537.266666674, 164046.933333342, 164336.800000008, 
12254.4666666667, 163409.933333341, 140248.4, 163916.866666675, 164336.933333342, 165382.933333342, 
164189.933333342, 164228.000000008, 164410.333333342, 
163325.600000008, 162868.933333341, 164633.933333342, 
112614.666666663, 153831.066666671, 163906.000000008, 164208.333333342, 164929.266666675, 
7873.66666666665, 66435.3999999993, 165857.600000008, 165117.133333342, 165906.933333342, 
114.8, 5696.39999999999, 122339.73333333, 1403.6, 73033.399999999, 165261.200000009, 150730.333333337, 94721.9999999981, 159318.000000006, 164803.266666675, 165093.666666675, 95904.0666666644, 165142.200000008, 165213.133333341, 163937.866666674, 11392.9333333334, 164735.600000009, 165241.600000009, 125196.066666663, 165131.266666676, 146506.133333336, 92388.8666666648, 3510.93333333333, 58548.0666666661, 116725.666666663, 164862.000000008, 57277.2666666661, 36434.8666666663, 165265.266666676, 165123.600000008, 127375.93333333, 164970.666666674, 164561.933333342, 86999.7999999986, 39758.5999999996, 165489.933333342, 165363.266666675, 165073.000000008, 
163218.333333341, 163780.133333342, 163980.000000009, 
102535.733333331, 56878.5333333327, 165734.266666675, 164340.600000008, 164024.333333342, 
163530.000000008, 163714.266666675, 164049.600000008, 
163546.666666675, 163325.933333342, 10194.8666666667, 15751.4666666668, 13558.4666666668, 19954.0666666667, 32045.733333333, 39835.5333333329, 69576.8666666658, 163946.933333341, 98846.3333333305, 163403.666666675, 150373.733333336, 10159.4, 163044.933333341, 25601.4666666666, 129684.933333329, 107645.13333333, 154213.266666672, 55187.7333333328, 134233.399999997, 164463.666666675, 105109.73333333, 164429.333333342, 163721.600000009, 163633.266666675, 
41823.6666666663, 18980.3333333334, 15543.2000000002, 164892.600000008, 165364.266666676, 165372.266666675, 
40096.5333333329, 124886.866666663, 154591.066666671, 163639.266666675, 165745.666666675, 145241.866666667, 164226.000000008, 163437.133333341, 164366.266666675, 
163844.000000008, 163849.533333342, 163965.266666675, 
73612.9999999991, 70178.1333333325, 88252.5999999984, 163474.333333341, 163556.266666675, 165433.266666675, 
125182.466666663, 20993.3333333333, 164739.933333341, 164732.333333341, 164712.000000009, 
163863.600000008, 164149.000000008, 163572.200000008, 
163164.266666675, 52692.9999999996, 164102.600000009, 163847.333333342, 166438.733333345, 
261.933333333333, 20282.7333333334, 169523.733333346, 170003.06666668, 49472.7333333329, 164773.933333341, 165527.333333342, 165568.266666675, 
128277.333333328, 163474.933333341, 163531.333333341, 164059.666666675, 
147.733333333333, 163089.000000008, 163384.666666675, 163356.000000008, 
163670.533333341, 163867.933333342, 164017.000000009, 
3421, 75883.7333333322, 163188.333333341, 163073.000000008, 163410.000000008, 
163270.133333341, 163243.000000008, 166154.733333345, 
168594.066666679, 168891.06666668, 37773.6666666664, 165003.066666675, 164431.666666675, 164938.933333341, 
152591.400000004, 28835.1333333332, 26537.3333333332, 147825.133333336, 40717.7333333329, 163888.666666675, 164205.600000009, 163747.333333341, 
163822.600000008, 163606.933333342, 163849.000000008, 
