55.6000000000002, 153.533333333333, 145.6, 2367.66666666666, 103725.999999997, 163800.333333341, 163770.333333342, 163580.333333341, 
2200.2, 4414.79999999999, 2387.26666666666, 20971.3333333333, 6584.06666666665, 29326.2666666664, 84334.0666666649, 118742.799999996, 52300.533333333, 163935.000000008, 163980.400000009, 14465.4000000001, 164035.333333342, 106888.399999997, 164143.733333341, 163794.400000008, 163841.400000008, 
146.666666666667, 163632.066666674, 86141.5999999985, 79491.5999999987, 75598.3333333323, 164056.400000008, 24032.2666666666, 163563.733333341, 163761.733333341, 163700.400000008, 
144, 174, 221.666666666666, 214.866666666667, 178.266666666667, 8943.40000000001, 2239.86666666666, 6728.06666666665, 163943.133333341, 164021.933333341, 163943.400000008, 
159.666666666667, 1103.6, 176.066666666667, 206.333333333333, 204.933333333333, 3369.6, 1100.26666666667, 176.666666666667, 1258.53333333333, 2310.33333333333, 6514.66666666665, 4463.79999999999, 8944.00000000001, 8728.2, 41358.733333333, 145186.933333334, 164061.733333342, 163670.333333341, 163858.666666674, 
2143.93333333333, 6890.66666666666, 87067.1999999982, 17792.2000000001, 79407.2666666656, 72012.9333333327, 98024.4666666642, 45271.9333333329, 67525.7999999996, 34885.3333333329, 162777.733333341, 164708.333333342, 157200.33333334, 145255.333333334, 163928.000000008, 163071.066666674, 110436.73333333, 36546.6666666664, 164008.066666675, 80064.9999999986, 2462, 164062.733333341, 163923.466666675, 163702.733333341, 
51.0666666666667, 140.466666666667, 4301.4, 1109.6, 141.466666666667, 8656.26666666667, 5454.86666666666, 8682.26666666667, 3379.4, 6625.66666666665, 1194.26666666667, 11983.7333333334, 5457.73333333332, 10896.4666666667, 14295.0666666668, 73582.2666666658, 4604.53333333333, 34293.8666666664, 19921.5333333334, 34324.5999999997, 49457.0666666663, 119400.466666663, 90200.8666666651, 163344.333333341, 162857.000000008, 162785.066666675, 
43758.0666666663, 28438.4666666664, 32824.733333333, 81997.7999999986, 163406.066666674, 19817.4666666667, 77447.7333333323, 75795.8666666656, 48917.733333333, 164196.666666675, 164728.000000008, 163977.733333341, 
107.933333333333, 2265.8, 1175.26666666667, 9754.6666666667, 8674.73333333333, 11986.1333333334, 1332.06666666666, 162907.400000008, 162943.400000008, 10076.0666666667, 163344.400000008, 102350.73333333, 90449.7999999981, 163069.400000008, 36842.9333333329, 63514.3333333328, 105138.999999997, 162917.400000008, 163411.066666674, 163281.066666674, 
276.666666666666, 69069.1333333326, 6768.73333333332, 89852.1333333315, 126182.866666663, 69258.5333333326, 164173.400000008, 162911.400000008, 163118.000000008, 
1275.26666666667, 78993.9999999987, 19810.4666666667, 16624.6000000001, 163876.600000008, 163031.400000008, 16644.6666666668, 10135.1333333333, 40823.133333333, 163196.666666675, 164103.733333341, 118610.799999996, 163616.733333341, 163610.066666674, 163678.066666674, 
126.666666666667, 203.333333333333, 21190.4, 48327.0666666662, 164364.666666675, 163944.333333341, 163705.066666674, 
8882.6, 6906.26666666665, 19839.0666666667, 46996.533333333, 77471.3999999988, 85887.3333333319, 163529.066666674, 38609.333333333, 61492.1999999994, 90967.6666666647, 164552.733333341, 2453.4, 164549.400000008, 164388.733333341, 164474.000000008, 
140, 1105.26666666667, 16554.8666666668, 6744.99999999999, 44692.5999999996, 7784.99999999999, 163035.733333341, 163332.733333341, 163394.066666675, 
251.133333333333, 7799.33333333332, 163435.066666674, 164109.733333341, 140608.799999999, 163732.733333341, 164209.400000008, 164215.400000008, 
24357.2666666666, 3500.06666666666, 4645.79999999999, 46088.1999999996, 8864.93333333333, 163954.666666675, 163231.400000007, 163200.066666674, 
9890.73333333337, 13123.8666666668, 64579.1333333328, 23248.4666666666, 75280.9333333322, 101589.399999997, 9066.93333333333, 163899.733333341, 96550.1999999975, 140449.2, 86784.066666665, 164102.733333341, 100792.666666664, 164171.400000008, 82537.9333333317, 164343.733333341, 67005.5999999993, 164105.400000008, 132814.599999996, 164205.400000008, 164197.400000008, 164376.066666675, 
55.8, 155497.200000005, 163974.400000008, 163349.666666674, 163302.400000008, 
132, 8747.06666666666, 3271.8, 11107.4666666667, 102024.199999997, 55553.0666666664, 162555.066666674, 69642.0666666661, 99172.3999999972, 2463.66666666666, 163168.733333341, 163184.066666674, 164633.066666675, 
178.733333333333, 1130.13333333333, 1153.6, 1140.26666666666, 2440.66666666666, 3298.13333333333, 27542.1333333332, 1314.26666666667, 4597.86666666666, 61989.3999999996, 163692.733333341, 163732.400000007, 163710.400000007, 
