1092.6, 94.9999999999998, 1123.9, 1131.9, 3378.85000000001, 1095.65, 1115.15, 185.15, 171.75, 5565.45000000002, 2446.05, 5518.05000000002, 48167.9500000009, 86293.8000000043, 32838.0499999996, 162945.399999997, 103042.650000006, 72474.950000003, 50101.9000000011, 162742.699999997, 162897.449999997, 162951.849999997, 
129.75, 135.25, 217.75, 158.25, 217.25, 171.5, 131.25, 217.75, 134.25, 155.75, 223.25, 134.5, 180.25, 204.75, 143.25, 185, 133, 133.25, 160, 1153.15, 155.2, 141, 225, 177.5, 133.25, 213.5, 137.5, 150.75, 1187.45, 131.25, 175.25, 220.75, 131, 197.75, 206.75, 223.45, 131, 131.75, 204.25, 169, 155.5, 212.75, 131, 222.75, 223.45, 131.5, 148.5, 159.75, 221.25, 141, 131, 141, 143.5, 143.75, 223.45, 131.5, 159.75, 134.5, 216.4, 1129.15, 206.5, 131.5, 206.75, 208.75, 164.25, 209, 131, 134, 177.5, 163.75, 141, 155.25, 141, 141, 137.25, 131.25, 177.5, 200.5, 166.75, 203.75, 208.75, 220.25, 164.25, 131.25, 218.65, 150.75, 205, 150.5, 217.75, 206.5, 131, 150.5, 143.5, 137.25, 156, 215.75, 143.5, 179.75, 205.75, 159.75, 223.75, 134.5, 136, 220.5, 202.5, 144.75, 175.5, 143.25, 185.5, 132, 206.5, 2222.55, 1132.9, 185.5, 160.75, 133.25, 210.75, 206.5, 161, 205.75, 169.5, 174.95, 196.5, 144.75, 202.75, 
25.5, 25.5, 1232.9, 192, 2285.65, 154.5, 159.3, 189, 170.25, 165112.449999996, 164664.099999997, 164452.949999997, 
84.9999999999998, 141.4, 137.9, 199.25, 1143.9, 141.65, 157.4, 229.5, 1105.4, 134.25, 143, 162.25, 162.75, 229.5, 199.25, 180.5, 147.25, 1222.6, 143, 229.5, 163.5, 137.5, 1152.15, 180.75, 232, 227.5, 136, 159.25, 227, 140.25, 136.5, 154.5, 205.75, 194.75, 194.5, 152.75, 199.25, 221.75, 159, 139.5, 147.75, 146.5, 141, 221.85, 147.75, 154, 227.6, 220, 133.75, 159.25, 214, 153.75, 217.85, 158.75, 154.25, 1161.15, 163, 234.05, 133.75, 153.75, 143.5, 213.25, 217, 147.5, 180.5, 137, 140.25, 212.85, 227.5, 139.5, 133.25, 212.5, 139.5, 159.75, 209.25, 177.75, 141.75, 149, 232, 177.75, 133.5, 187.75, 1230.55, 139, 1144.15, 164.5, 1156.65, 185.75, 214, 193.95, 179.45, 190.5, 48331.8500000009, 24174.0999999997, 164355.949999997, 164370.049999997, 164534.749999997, 
25.5, 158.75, 199.5, 69292.3500000028, 164350.799999997, 164219.099999997, 164509.299999997, 
157.25, 152.05, 3219.50000000001, 3372.00000000001, 59042.3000000019, 96283.5500000052, 173.75, 3388.85000000001, 4436.60000000001, 1274.2, 11119.6, 73391.4000000031, 99397.2000000054, 144251.100000003, 1204.2, 164071.049999997, 163746.799999997, 165170.499999996, 
164.55, 68.2499999999999, 165135.849999996, 165072.949999997, 164626.499999997, 
100.05, 133.25, 1114.8, 1151.9, 116.8, 150.95, 5507.95000000002, 9883.04999999998, 4370.15000000001, 5429.05000000002, 6624.15000000003, 29282.6999999996, 74739.8500000033, 73867.3000000032, 112776.100000007, 36495.2499999999, 12257.2999999999, 85501.5000000042, 88774.2000000045, 2325.95, 1510.4, 164837.849999997, 15825.7499999999, 4766.55000000002, 164794.799999997, 165250.199999996, 78393.2500000037, 9199.99999999999, 66043.2000000026, 3641.10000000001, 164713.999999997, 82937.200000004, 13619.5499999999, 165049.249999997, 16846.4499999999, 82091.8000000038, 4652.30000000001, 79049.2500000036, 97814.7000000052, 165379.349999996, 164350.199999997, 164781.399999997, 
56258.6500000016, 73703.8500000031, 44242.5500000005, 147348.950000003, 165367.049999996, 164956.049999997, 164117.599999997, 
204.95, 195.05, 201.45, 9941.14999999999, 7687.70000000003, 168.2, 183.25, 196.35, 1259.75, 201.35, 228.5, 19691.1499999998, 164952.049999997, 164901.799999997, 163972.649999996, 
4593.75000000001, 6764.85000000002, 164422.049999997, 164608.249999997, 164310.899999997, 
92.6499999999999, 300.200000000001, 162918.099999997, 21109.1999999998, 65168.2000000023, 141890.400000004, 162469.049999997, 163782.099999997, 164198.899999997, 
141.5, 7621.80000000003, 5442.25000000002, 28127.4499999996, 130909.550000008, 163496.899999997, 163369.649999997, 164973.899999996, 
26.0000000000001, 144.55, 160.25, 156.5, 170, 147.25, 164486.499999997, 164231.149999997, 164455.399999997, 
188.95, 2374.65, 116311.550000007, 163326.599999997, 163975.899999997, 163882.399999997, 
29.5000000000001, 27.7500000000001, 53.05, 164459.199999997, 66862.3000000025, 32256.1999999995, 46065.5000000007, 53326.5000000013, 158273.849999999, 163232.199999997, 163298.149999997, 163074.199999997, 
42.8, 1137.9, 5480.65000000002, 9794.84999999999, 21082.7999999998, 2443.3, 163830.399999997, 164025.399999997, 163875.949999997, 
1209.4, 173.65, 16539.8999999999, 163864.699999997, 164173.899999997, 163787.949999997, 
219.6, 213.5, 62488.3000000021, 31795.2999999995, 164068.649999997, 164757.199999997, 164957.949999997, 
89.9999999999998, 106.95, 175.75, 1263.15, 140, 191, 202.25, 4500.20000000002, 4422.40000000002, 158.55, 1304.9, 1298.65, 164760.949999997, 164553.649999997, 164732.699999997, 
