163282.699999997, 163481.849999997, 163674.149999997, 
77.2999999999999, 7779.85000000003, 16643.7499999999, 25482.9499999997, 27573.3999999996, 62617.9000000021, 14412.7999999999, 109626.000000006, 124362.400000007, 73450.4000000031, 139362.850000005, 164301.599999997, 111057.900000006, 55986.6000000016, 164340.349999997, 48343.8000000009, 107629.750000006, 39538.0000000002, 162734.699999997, 42827.8000000004, 108762.700000006, 33176.9999999996, 94503.3000000049, 164668.399999997, 153954.4, 164931.149999997, 117364.100000007, 61769.750000002, 34312.9999999997, 53790.6500000014, 68346.1000000026, 49487.450000001, 108496.850000006, 34344.0999999997, 51739.8500000012, 144636.700000003, 83319.6000000039, 114470.850000007, 40918.1000000003, 164570.899999997, 52885.1500000013, 164590.349999997, 79301.7000000035, 164158.399999997, 112017.150000006, 45395.6000000006, 14463.4999999999, 97717.0500000051, 76948.2000000033, 157837.599999999, 49684.350000001, 127302.250000008, 104317.700000006, 164384.149999997, 62808.1000000021, 164495.849999997, 164497.899999997, 67072.1000000025, 164379.399999997, 69832.5500000027, 164816.899999997, 122992.000000007, 10137.85, 164990.849999997, 90912.1500000046, 91264.2000000046, 51875.2000000012, 36299.1999999999, 93561.9500000048, 63899.9000000022, 52634.1000000013, 82497.8000000038, 61737.5000000021, 21076.4499999998, 39815.8000000002, 85908.0000000041, 164442.349999997, 162637.049999997, 58470.9500000018, 83463.5000000039, 164517.899999997, 107380.550000006, 156707.849999999, 164531.399999997, 128407.600000008, 117940.850000007, 51999.2000000012, 75834.2000000033, 30797.7999999995, 105931.850000006, 38793.0000000001, 123306.600000007, 44170.5500000005, 35253.8999999998, 164991.399999996, 53953.1500000014, 32248.4499999995, 63805.5500000023, 58369.7000000018, 120071.400000007, 164751.949999997, 164783.599999997, 17832.9499999998, 84639.3000000041, 25356.2499999997, 43109.2000000005, 81219.3500000038, 83428.8000000039, 160404.549999998, 70695.8500000028, 57036.8500000017, 32803.8499999996, 146993.650000002, 83412.5500000039, 164629.649999997, 98709.7000000052, 164577.149999997, 76869.0500000034, 39829.5000000002, 73629.2500000031, 44069.0500000005, 53920.4000000014, 69290.6500000027, 21255.4999999998, 130428.650000008, 
163328.899999997, 163498.399999997, 162998.149999997, 
44.3, 1318.7, 18970.3999999998, 6846.70000000003, 1291.25, 2370.95, 3493.40000000001, 2365.6, 2430.1, 12256.1499999999, 26570.5999999996, 4666.25000000001, 12246.1999999999, 5697.90000000002, 3497.60000000001, 12296.7, 2336.55, 5739.75000000002, 11123.2, 5694.35000000002, 21060.5999999998, 4524.95000000001, 14575.9499999999, 21030.7499999998, 9026.30000000001, 33057.4499999996, 10091, 13424.5999999999, 11142.75, 2466.2, 13402.3499999999, 1290.6, 5714.35000000002, 10018.3, 3593.30000000001, 162401.349999997, 163818.649999997, 164393.599999997, 
162601.649999997, 82591.4000000038, 164599.099999997, 164509.149999997, 164741.849999997, 
162871.399999997, 1313.3, 62270.1500000021, 19749.4999999998, 32148.3999999995, 16775.2499999999, 163019.899999997, 163448.399999997, 1355.45, 160981.999999998, 33122.1499999996, 21111.7999999998, 2418.3, 1317.6, 11200.95, 22189.8499999997, 33973.9499999997, 86987.4000000042, 106705.000000006, 110163.000000006, 18879.1999999998, 66058.0000000024, 68186.6500000026, 72682.750000003, 81238.1000000037, 164320.899999997, 163511.999999997, 163665.499999997, 
2378.55, 134866.150000007, 26459.2499999996, 46244.8000000007, 104332.450000006, 74834.9000000032, 68135.1000000026, 163732.149999997, 164878.349999997, 147339.200000002, 163592.149999997, 38253, 107994.900000006, 164291.899999997, 164415.399999997, 139520.100000005, 163670.899999997, 33076.1999999996, 68135.3000000026, 125696.000000008, 51476.1500000012, 148362.850000002, 97181.4500000051, 155433.249999999, 164296.399999997, 43790.4000000005, 163563.849999997, 163449.099999997, 163549.899999997, 
163373.349999997, 30650.4999999995, 48404.9500000009, 163944.149999997, 40600.7000000002, 163559.149999997, 163964.649999997, 87259.9000000043, 163448.849999997, 163727.899999997, 163484.899999997, 
68.1999999999999, 41.95, 94.1999999999999, 1268.7, 6759.65000000003, 14453.2999999999, 25220.5999999997, 50258.5500000011, 164137.599999997, 103683.850000006, 11115.2, 67096.4500000025, 79056.0500000035, 163477.149999997, 163306.899999997, 98923.8000000053, 163580.849999997, 163876.849999997, 163524.899999997, 
162819.399999997, 67685.2500000026, 165250.849999996, 165217.249999996, 164814.999999996, 
1252.7, 7971.75000000003, 166427.299999996, 166361.749999996, 166788.749999995, 
149.1, 1302.95, 164369.849999997, 164841.849999996, 165024.849999996, 
158.95, 9168.15000000002, 5919.40000000002, 163632.899999997, 163427.099999997, 163391.699999997, 
8020.45000000004, 78119.4500000037, 20076.8999999998, 1331.15, 166219.799999996, 166068.349999996, 166275.949999996, 
29.1000000000001, 11362.0499999999, 38247.7500000001, 163816.649999997, 164129.749999997, 163818.899999997, 
7729.25000000003, 164556.999999997, 164292.199999997, 165673.899999996, 
115, 164379.049999997, 164579.449999997, 164628.449999997, 
162882.399999997, 164440.949999997, 164985.999999997, 
1301.25, 54454.9000000014, 7841.40000000003, 57863.9500000017, 99441.3500000055, 15870.0999999998, 406.150000000001, 164018.949999997, 71425.8500000029, 82790.750000004, 48095.4500000009, 94200.4000000051, 166631.649999996, 40283.9000000002, 166181.849999996, 165492.749999996, 165733.399999996, 
183.25, 228.7, 14330.6999999999, 166115.699999996, 165624.249999996, 129433.150000008, 166026.049999995, 8275.70000000002, 13759.7999999999, 165306.499999996, 70730.5500000032, 383.000000000001, 51613.2000000012, 166780.799999996, 166643.899999996, 64423.2000000023, 163844.499999996, 32515.7499999995, 166656.399999996, 166740.599999996, 166296.599999996, 
