3464.6, 164203.266666675, 165332.666666676, 164673.333333342, 
135.866666666667, 16579.2000000001, 163853.000000009, 162903.000000009, 165871.000000008, 
162.4, 164314.666666676, 164360.600000008, 164583.666666675, 
164145.333333342, 163837.000000009, 163848.666666674, 
31899.4666666663, 71417.5333333325, 137644.199999998, 163479.933333341, 99300.0666666644, 164611.000000008, 163192.666666674, 75780.8666666654, 164772.333333342, 163951.666666675, 53851.5333333329, 21004.2, 10066.0666666667, 21096.7333333333, 38578.9999999996, 87671.5333333317, 118496.466666663, 80196.0666666652, 12312.4000000001, 165014.666666675, 92304.399999998, 164546.000000008, 46326.4666666663, 164981.000000008, 164386.266666675, 149592.000000003, 19909.7333333334, 163567.333333342, 163947.333333342, 110922.866666664, 164193.000000008, 164108.333333341, 12298.8000000001, 53899.3999999996, 115227.93333333, 87298.7333333315, 19962.2000000001, 161667.466666674, 56330.3999999994, 163033.333333341, 163764.333333341, 163664.333333341, 
64145.7333333332, 164091.933333342, 163728.333333342, 164377.666666675, 
191.8, 45531.7333333329, 165384.666666675, 19040.5333333334, 71563.3333333325, 46383.7999999995, 164094.333333342, 164417.266666675, 163642.000000007, 
82036.8666666651, 163888.000000008, 164223.666666675, 163984.333333342, 
163408.333333342, 164317.933333341, 163310.000000008, 
142.733333333333, 117498.066666662, 163168.333333341, 132720.733333329, 39922.733333333, 32370.7999999997, 90935.7333333314, 1355.46666666666, 68419.1333333327, 89937.4666666648, 77000.7999999989, 59378.3999999996, 31901.0666666664, 131541.399999996, 165051.333333342, 72509.0666666657, 81688.0666666654, 75270.3333333321, 147447.200000002, 164588.000000008, 164201.000000008, 163016.266666675, 
145.4, 10160.8666666667, 163484.666666675, 164693.000000008, 163027.666666675, 
162746.666666675, 163185.000000008, 163422.600000008, 
1344.4, 9073.53333333333, 3454.86666666666, 5677.46666666666, 56101.0666666661, 97357.7999999973, 164440.333333342, 4758.86666666666, 36608.8666666663, 13442.4666666668, 58537.3333333328, 56989.8666666663, 79189.7999999988, 130014.199999996, 164453.333333342, 29678.7333333331, 9082.86666666667, 163995.933333342, 70397.7333333324, 79075.7999999985, 163947.000000008, 85169.4666666649, 24346.4666666666, 152480.400000004, 87800.3999999985, 76808.5333333322, 163563.666666675, 163854.933333342, 163400.000000008, 
163261.333333341, 100535.133333331, 163753.666666676, 146542.066666668, 163598.666666675, 164027.600000008, 163768.333333341, 
6797.86666666665, 162757.666666675, 163573.333333341, 164655.666666675, 
163994.000000008, 163903.666666675, 141733.333333333, 163338.000000008, 164315.333333342, 164740.000000008, 
18856.7333333334, 4685.46666666666, 165363.333333342, 163687.000000009, 164156.600000008, 
72937.1999999991, 163564.333333342, 48308.8666666662, 32329.133333333, 50676.0666666662, 164428.666666675, 24522.9999999999, 85504.0666666648, 165261.000000009, 115285.73333333, 163204.933333341, 43868.733333333, 164237.333333342, 44158.5999999996, 164137.333333342, 78213.8666666654, 22176.7333333333, 164247.333333342, 162950.666666675, 163751.666666674, 
51343.733333333, 163996.333333341, 166320.666666675, 163564.333333341, 
163751.333333341, 163933.000000008, 163782.000000008, 
22272.4, 109613.599999997, 30891.4666666664, 164484.333333342, 164780.333333342, 164905.333333341, 
42718.1999999996, 149371.066666669, 163668.666666675, 165486.266666676, 166048.666666675, 
163856.000000009, 113095.399999996, 164815.000000008, 164731.000000008, 164030.666666675, 
189.733333333333, 163898.266666675, 163514.333333341, 163819.333333342, 
164278.333333342, 165091.000000008, 165089.000000008, 
2474.33333333333, 3470.06666666666, 163778.333333341, 155567.000000005, 163425.333333341, 163724.000000008, 163473.333333341, 
156726.400000005, 163598.333333341, 162878.266666675, 162872.666666675, 
4557.06666666666, 42780.7333333329, 163750.666666675, 164111.000000008, 163444.000000008, 
2478.13333333333, 164185.333333342, 164801.000000008, 163822.933333341, 
6894.93333333332, 39624.0666666663, 30947.0666666664, 19734.5333333334, 164842.666666675, 163138.333333341, 162831.000000008, 
