48717.3333333328, 114636.199999997, 163837.333333342, 163669.000000008, 164408.666666675, 
1330.86666666666, 163495.333333341, 163210.600000008, 163470.000000008, 
5618.13333333333, 50319.733333333, 163985.333333342, 163430.600000008, 164120.666666675, 
21255.8, 163380.666666674, 163762.666666675, 163920.333333342, 
1351.66666666667, 6719.13333333332, 163104.666666674, 163397.000000008, 163414.266666675, 
149003.066666669, 164204.333333342, 163287.000000008, 164129.333333342, 
163091.333333342, 56685.3999999998, 163411.933333341, 163812.666666675, 6708.73333333332, 163703.333333341, 163433.333333341, 131096.533333329, 162953.666666675, 164138.000000009, 149798.733333336, 163148.000000008, 51628.6666666662, 19942.0666666667, 51327.733333333, 163839.000000008, 163162.000000008, 163468.666666675, 
163152.000000008, 143453.666666666, 164177.666666675, 163638.666666675, 163797.000000008, 
212, 163095.800000009, 164673.000000008, 164018.933333342, 163898.333333342, 
13502.0666666668, 163190.333333341, 163764.333333341, 163950.000000008, 
1321.73333333333, 2472.73333333333, 164284.000000008, 163833.000000008, 163472.933333341, 
3443.46666666667, 163551.333333341, 163634.666666674, 163513.000000007, 
72694.7999999992, 163794.000000008, 164005.000000008, 163067.533333341, 163662.000000008, 163985.666666675, 163885.000000009, 
18653.0666666667, 163394.333333341, 164283.333333342, 63419.9999999996, 164390.266666675, 163958.000000008, 164077.000000008, 
2453.53333333333, 164176.000000008, 164012.333333342, 121709.799999996, 163951.000000008, 163721.933333341, 164176.000000008, 
1256.73333333333, 163430.666666674, 163525.333333341, 74736.4666666657, 19992.8666666667, 113125.066666663, 71159.0666666659, 163866.666666675, 163906.933333342, 126160.066666662, 163788.000000008, 164284.333333342, 164101.000000008, 
36092.3999999995, 164077.000000008, 164094.600000008, 163780.333333342, 
164413.333333342, 5671.66666666666, 59447.3999999995, 94556.2666666644, 50777.7999999996, 108883.066666663, 145478.066666668, 164284.666666675, 125458.466666662, 37710.0666666663, 96121.7333333309, 16553.4000000002, 19748.4, 163023.000000008, 163988.666666675, 3509.8, 163845.000000008, 163979.666666675, 163625.000000008, 
163752.600000008, 163921.000000008, 163603.333333341, 
1364.73333333333, 164386.333333342, 164081.000000008, 163565.000000008, 
