240.733333333333, 311, 241.733333333333, 44200.4666666664, 68359.3999999994, 25530.4666666665, 3524.4, 18913.6666666667, 108867.33333333, 84063.8666666653, 4620.06666666666, 39563.3333333329, 2464.33333333333, 32020.1999999996, 36567.7999999997, 39983.6666666662, 164436.933333342, 164338.600000008, 164564.666666675, 
164608.333333342, 164465.266666675, 164638.933333342, 
104.066666666666, 2361.26666666666, 203.4, 285.733333333333, 2435.66666666666, 2393.4, 234.733333333333, 8950.6, 256.733333333333, 3542.13333333333, 1218.06666666667, 3495.26666666666, 8916.80000000001, 4613.66666666666, 4617.53333333333, 4651.93333333333, 4493.66666666666, 2430.53333333333, 6847.86666666666, 148696.266666669, 4686.39999999999, 38734.5999999996, 164654.666666676, 164602.600000008, 164113.933333342, 
23035.9333333333, 163872.600000008, 22093.4, 147469.466666669, 163644.333333341, 3537, 164004.600000008, 163581.666666674, 164593.933333342, 
1269.2, 1279.86666666667, 3473.4, 43231.6666666663, 42661.0666666663, 51846.0666666661, 63414.4666666665, 163345.600000008, 163894.466666675, 163358.933333341, 
220.733333333333, 164419.666666674, 7866.06666666665, 164327.600000008, 29793.5999999997, 164797.600000009, 163057.266666674, 164558.666666675, 
143.333333333333, 203.533333333333, 1354.46666666667, 208.133333333333, 1215.66666666666, 1367.2, 1295.66666666666, 2347.93333333333, 2335.73333333333, 1302, 1260.06666666666, 2317.6, 2276.06666666666, 2415.86666666666, 2414.4, 3473.73333333333, 2451.66666666666, 2417.93333333333, 1240.33333333333, 1215, 2415.2, 1247.73333333333, 1347.66666666667, 4537.8, 6780.66666666665, 1292.73333333333, 2480.73333333333, 1159.33333333333, 5711.73333333333, 1226.26666666666, 1316.06666666667, 1230.33333333333, 3516, 2362.73333333333, 2398, 2408.93333333333, 3471.99999999999, 1267.4, 3433.33333333333, 1349.86666666666, 2424.2, 3551.73333333333, 3415.99999999999, 1260.06666666666, 3406.6, 2284.4, 2317.86666666666, 5772.59999999999, 3459.4, 4638.79999999999, 2291.33333333333, 3514.73333333333, 2337.66666666666, 4546.13333333333, 16576.7333333335, 35252.1999999997, 164965.000000008, 164869.000000008, 164486.866666676, 
228.133333333333, 49393.933333333, 1379.53333333333, 6755.13333333332, 12212.3333333334, 35145.0666666663, 130801.199999996, 163856.133333342, 14436.6666666668, 133796.73333333, 164257.333333341, 164602.200000008, 149943.200000003, 164304.333333341, 164374.266666675, 88068.5999999981, 61793.3999999993, 164327.333333342, 148017.666666669, 164975.333333342, 164704.800000008, 164790.600000008, 
160.133333333333, 1199.93333333333, 2379.66666666667, 2465.86666666666, 6835.73333333332, 10042.9333333334, 8900.73333333334, 12300.0666666667, 12441.7333333334, 12187.8000000001, 10205.0666666667, 12188.3333333334, 11200.3333333334, 84223.2666666652, 71423.7333333323, 163807.666666675, 163962.933333342, 163608.266666675, 
1260.66666666666, 1299.73333333333, 2410.53333333333, 3539.06666666666, 1355.2, 4433.86666666666, 1257, 2391.33333333333, 2421.13333333333, 3550.99999999999, 5704.86666666666, 2485.66666666666, 2475.93333333333, 4684.53333333333, 4548.8, 232.066666666666, 4565.66666666666, 4613.73333333333, 7868.79999999998, 12264.4000000001, 164278.266666675, 28806.2666666664, 7911.66666666665, 164324.266666675, 164822.266666675, 164425.933333341, 
1316.33333333333, 3410.6, 2278.2, 2365.33333333333, 3426.6, 1277.93333333333, 1260.06666666667, 2366.86666666666, 1215.66666666667, 3527.8, 2413.06666666666, 2346.66666666667, 5633.99999999999, 2382.06666666666, 4645.99999999999, 4509.66666666667, 2392.73333333333, 7889.46666666664, 20095.5333333334, 164123.133333342, 27735.1999999998, 71108.0666666659, 125736.999999996, 164299.600000008, 164107.600000008, 164033.666666675, 
183.666666666667, 1237.86666666667, 1305.13333333333, 3441.53333333333, 3461.2, 1248.73333333333, 1272.4, 2428.26666666666, 2377.6, 3535.06666666666, 1218.33333333333, 1393.33333333333, 3575.2, 2384.73333333333, 3455.6, 3534.06666666666, 2288.33333333333, 3340.33333333333, 2414.06666666666, 3516.33333333333, 4478.66666666666, 2321.73333333333, 2504.33333333333, 4597.99999999999, 2523.6, 6810.06666666665, 7795.33333333331, 5659.79999999999, 2330.33333333333, 6770.73333333332, 2356.33333333333, 3498.33333333333, 100478.666666665, 5807.06666666666, 18795.0000000001, 115630.866666664, 10233.9333333334, 44556.7999999996, 163195.600000008, 163296.600000008, 164551.000000008, 
249.066666666667, 1292.46666666667, 3517.06666666666, 2314.73333333333, 1262.06666666667, 209.066666666666, 2276.6, 2387.66666666667, 2296, 1312.33333333333, 1238.26666666667, 3422.2, 1279.93333333333, 2388.33333333333, 2310.33333333333, 3518.73333333333, 2330.33333333333, 1228.66666666666, 3514, 3379, 2476.26666666666, 2404.66666666666, 1194.2, 2356.93333333333, 1251.06666666667, 1204.2, 2255.26666666666, 56074.7999999997, 28429.1999999997, 2427.06666666666, 65949.133333333, 163973.600000008, 1395.33333333333, 46974.5999999997, 21115.0666666667, 43002.0666666663, 80394.2666666655, 164988.933333341, 164648.000000008, 92431.0666666648, 164494.933333342, 164868.266666675, 164974.000000008, 
282.333333333333, 104982.066666664, 163909.666666675, 74941.0666666654, 165116.800000008, 164269.600000008, 163866.000000009, 
185.533333333333, 3479.93333333333, 11151.4666666667, 1334, 58304.333333333, 14390.8000000001, 84836.5333333316, 38725.2666666663, 164259.000000008, 146687.333333335, 1313.4, 164265.200000008, 163784.600000008, 164148.266666675, 
164.733333333333, 254.933333333333, 10032.2666666667, 7818.86666666665, 2494.2, 3505.66666666666, 3415.66666666666, 14617.8666666668, 20979.5333333334, 115701.599999997, 164846.266666674, 163611.333333342, 164792.666666675, 
206.666666666666, 1307.73333333333, 267, 2380.6, 4547.13333333333, 201.4, 24310.3333333332, 251.933333333333, 38597.0666666663, 112375.733333329, 152220.000000004, 74387.3999999989, 164498.600000008, 91248.6666666647, 164739.000000008, 164762.333333342, 164826.266666675, 
1204.06666666666, 2388.86666666667, 220.066666666667, 4596.79999999999, 3564.4, 4571.4, 13470.0000000001, 4575.66666666666, 7723.39999999998, 16564.7333333335, 18723.8666666667, 20979.0666666667, 6765.39999999998, 165077.266666674, 16823.7333333335, 51807.1333333329, 34251.9999999997, 55162.3999999995, 64838.4666666661, 164578.666666675, 164995.266666674, 164947.933333341, 
1341, 2422.06666666666, 2390.33333333333, 28498.733333333, 7878.33333333331, 5700.06666666666, 10027.3333333334, 62398.133333333, 103681.799999997, 64525.9999999996, 106325.466666663, 163704.000000008, 164148.333333342, 35294.0666666663, 164078.933333341, 163792.333333342, 164005.666666675, 
1261.06666666667, 1353.46666666666, 3510.06666666667, 126384.466666661, 54620.9999999997, 9991.0666666667, 32078.3999999997, 63652.9999999995, 39702.5333333329, 43001.8666666663, 164735.666666675, 164443.600000008, 56118.9333333328, 164395.266666675, 164343.666666675, 164389.600000008, 
2300.33333333333, 1223.46666666667, 2431.73333333333, 5737.79999999999, 4483.13333333333, 2434, 12165.5333333334, 21905.4, 16590.2000000001, 119354.333333329, 94008.7999999978, 163708.533333341, 51739.0666666663, 160706.93333334, 164611.000000008, 163905.933333342, 163904.000000008, 
1378.8, 2394.6, 4606.93333333333, 28410.6666666664, 12123.0666666667, 15584.8000000002, 2445.4, 5677.86666666665, 15431.0000000002, 11114.3333333334, 3555.66666666667, 6831.19999999998, 2433.06666666666, 2390.46666666666, 28689.1999999998, 89689.9333333312, 63811.133333333, 150293.733333337, 92463.0666666647, 57995.1999999996, 29848.6666666664, 41699.5999999997, 164222.800000008, 73910.399999999, 31878.8666666663, 164864.933333341, 61665.4666666661, 44152.9999999995, 128553.333333329, 41808.0666666662, 135299.599999997, 102973.399999997, 109835.999999997, 164632.666666675, 160706.400000007, 61608.7333333328, 165092.600000009, 164772.333333341, 164721.333333341, 
165076.666666675, 86664.5999999986, 164899.266666675, 15577.8000000002, 164743.266666675, 164529.866666675, 165245.266666675, 
190.133333333333, 79412.7999999986, 255.733333333333, 164327.266666675, 45350.933333333, 4643.66666666666, 164343.933333342, 164161.533333342, 165478.600000008, 
277.8, 210.133333333333, 1295.6, 3500.33333333333, 2426.13333333333, 2381.46666666667, 1206.26666666667, 3477, 2372, 1216.73333333333, 1257.93333333333, 217.4, 2398.93333333333, 1296.73333333333, 4655.8, 1280.46666666667, 2271.33333333333, 1231.66666666666, 210.133333333333, 1326.4, 3433.53333333333, 3594.6, 2501.53333333333, 2471.33333333333, 2434.13333333333, 2385.6, 3301.66666666667, 2253.93333333333, 2252.73333333333, 2379.73333333333, 2452.33333333333, 5649.33333333333, 208.4, 1241.4, 3350.33333333333, 2279.46666666666, 2260.8, 2489.53333333333, 1241.06666666667, 2240.26666666666, 6785.79999999999, 2294.26666666666, 76846.9999999988, 36521.333333333, 80533.6666666655, 99972.5999999974, 164656.333333341, 92416.2666666647, 13531.1333333335, 107863.93333333, 164822.600000008, 164721.666666675, 106583.599999997, 165050.133333341, 164981.866666676, 164781.133333342, 
3469.66666666666, 4602.06666666666, 7969.79999999998, 8988.2, 164532.933333342, 37488.0666666663, 98839.7333333309, 127501.53333333, 61362.6666666664, 164501.666666675, 164798.666666675, 163232.733333341, 164459.000000008, 163338.266666675, 164545.000000008, 
215.866666666667, 4685.06666666666, 4662.86666666666, 14289.1333333335, 42652.1999999997, 13340.0666666668, 4705.66666666666, 164207.266666674, 1347, 5809.33333333333, 150902.533333338, 84655.9999999983, 165280.266666675, 165367.600000008, 164891.933333342, 
6814.99999999999, 1320.4, 3467.33333333333, 12098.4666666667, 2355.06666666666, 1270.26666666667, 16539.1333333335, 117728.999999996, 3480.73333333333, 120025.066666663, 165255.266666675, 61832.466666666, 164355.666666675, 164519.000000008, 164378.866666675, 
215.4, 208.333333333333, 1243.66666666667, 2414, 1219.26666666667, 1261.06666666666, 213.466666666667, 2356.93333333333, 1240.26666666667, 1201.4, 285.733333333333, 1223.6, 1229.73333333333, 1247.4, 4484.93333333333, 1203.66666666666, 1265.26666666666, 1204.4, 2413.2, 2414.93333333333, 2374.4, 1248.33333333333, 2380.33333333333, 1228.73333333333, 1257.06666666666, 2300.26666666666, 1234.93333333333, 2392.4, 2398.4, 1251.06666666667, 1345.93333333333, 212.866666666667, 1303.33333333333, 1206, 1255.4, 208.4, 2358.66666666667, 2403.93333333333, 1255.73333333333, 2436.06666666666, 2340, 2372.6, 1268, 2397, 1223.66666666667, 218.733333333333, 252.466666666667, 2433.6, 2285.33333333333, 1167.4, 2364.26666666666, 216.733333333333, 1253.26666666667, 4595.93333333332, 1290.4, 1325.6, 190.133333333333, 2435.86666666666, 1322.93333333333, 1373.2, 3470.8, 1323.73333333333, 241.466666666667, 1325.66666666667, 1232.73333333333, 1228.66666666667, 1251.26666666666, 1258.4, 2342, 3478.33333333333, 1217.4, 1250, 1226.06666666667, 1315.73333333333, 1251.33333333333, 3663.26666666666, 4500.06666666666, 209.4, 3500.26666666666, 2496.06666666666, 209.066666666666, 4759.33333333332, 3385.66666666666, 3598.66666666667, 2353.33333333333, 6762.53333333332, 2367.4, 2304, 133003.066666664, 164934.000000008, 121410.733333329, 164728.933333341, 164642.000000008, 164815.933333341, 
217.4, 1195.66666666667, 246.933333333333, 1252.6, 1252.93333333333, 2354, 2382.6, 1264.66666666667, 2275, 1244, 1201.4, 2404.6, 3428.4, 203.4, 5481.6, 1248.66666666666, 214.066666666667, 218.133333333333, 1290.93333333333, 1253.6, 2425, 3357.2, 2303.6, 1206, 3546.13333333333, 2278.4, 2390, 2337.33333333333, 1174.4, 2413.6, 2347.73333333333, 1257, 1269.73333333333, 3437.53333333333, 3384.73333333333, 1225, 2473.8, 3485.4, 1250.33333333333, 1261.33333333333, 1255.93333333333, 1256.73333333333, 216.8, 2400.66666666666, 3454.46666666666, 1251.73333333333, 1269.33333333333, 2424.13333333333, 1254.33333333333, 2418.93333333333, 2352.06666666667, 2395.66666666667, 214.066666666667, 1231.66666666667, 1259.06666666666, 1260.33333333333, 1254.06666666667, 1233.33333333333, 1292.66666666667, 1256, 220.066666666667, 2402.6, 214.066666666667, 1263.66666666666, 1228.73333333333, 3490.93333333333, 2248.4, 217, 1255.66666666666, 4583.66666666666, 2362.66666666666, 1268.4, 2507.6, 3513.26666666666, 1238.4, 3541.39999999999, 1248, 2295.66666666667, 1238, 1254.73333333333, 1198.73333333333, 2287.46666666666, 1231.33333333333, 1266.4, 1257.93333333333, 1254, 1201.06666666667, 2412.66666666666, 2356.26666666666, 1264.6, 1309.33333333333, 2380.93333333333, 1250.6, 4668.13333333332, 203.4, 1326, 1227, 1283.93333333333, 2302.86666666666, 2379.06666666666, 2451.33333333333, 1257.06666666666, 1255.4, 1290.06666666667, 1259.73333333333, 1317.73333333333, 2328.73333333333, 2378.93333333333, 2415.06666666666, 1316, 2367.4, 1188.73333333333, 2384.93333333333, 2404.06666666667, 1356.2, 2329.6, 1250, 1304.73333333333, 1283.66666666666, 2285.6, 1241.06666666667, 1293.73333333333, 2360.6, 1352.66666666667, 2524.6, 
