25.5, 58.7499999999999, 90.0499999999999, 77.5499999999999, 13282.8499999999, 61200.4000000021, 162729.649999997, 38127.3499999999, 48068.2500000009, 118160.950000007, 47852.7500000008, 164307.349999997, 37211.7499999999, 125787.750000008, 153552.95, 38499.3000000001, 111553.050000006, 133274.300000007, 164226.649999997, 12163.9999999999, 164318.449999997, 164019.699999997, 164301.399999997, 
123.5, 162.05, 139.55, 175.55, 195.45, 166.55, 171.1, 121.25, 154.65, 2452.4, 13292.4999999999, 163305.699999997, 162978.349999997, 163124.099999997, 
2457.15, 187.8, 1336.55, 203.3, 162921.499999997, 162768.749999997, 162952.149999997, 
25.5, 26547.2999999996, 164840.999999997, 163634.699999997, 163332.949999997, 
9062.80000000002, 152570.450000001, 4620.80000000001, 26635.5999999996, 25601.5999999997, 38414.15, 3521.55000000001, 48486.1000000009, 163019.999999997, 162705.199999997, 163474.449999997, 
163973.199999997, 163348.499999997, 163957.349999997, 
1295.8, 37615.05, 162706.599999997, 17572.8999999998, 163162.599999997, 162845.699999997, 162701.949999997, 
1294.1, 106.15, 191.8, 194.35, 27647.1499999996, 129.7, 12168.0999999999, 163750.249999997, 163275.599999997, 163516.249999997, 
68.8999999999999, 163485.349999997, 163605.049999997, 163535.499999997, 
29844.2999999996, 23261.5499999997, 132964.800000008, 163697.399999997, 163316.199999997, 164557.299999997, 
163206.149999997, 163078.099999997, 163343.849999997, 
1280, 1322.05, 163068.699999997, 163123.949999997, 163098.399999997, 
164415.449999997, 163660.199999997, 163552.449999997, 
3551.10000000001, 149.6, 5776.35000000002, 6839.95000000003, 21046.7999999998, 15579.2999999999, 56353.8000000016, 164349.799999997, 7924.55000000003, 163122.149999997, 162953.299999997, 163133.599999997, 
49213.150000001, 40374.1000000002, 164411.799999997, 153691.95, 164098.599999997, 133630.500000007, 163999.099999997, 164080.149999997, 163761.849999997, 
163762.149999997, 164034.649999997, 163845.649999997, 
195.8, 12087.1499999999, 4584.80000000002, 18685.5499999998, 102339.150000006, 45858.9500000007, 36130.3999999999, 67555.1000000026, 71952.7500000031, 163610.299999997, 163478.449999997, 163625.199999997, 
201.85, 200.55, 3448.05000000001, 33865.4999999996, 13272.0499999999, 162894.349999997, 163307.649999997, 163148.649999997, 
163424.599999997, 163536.199999997, 163789.299999997, 
1293.65, 1307, 1371.55, 132744.100000007, 107464.150000006, 162968.799999997, 163030.849999997, 163095.199999997, 
163610.349999997, 163448.699999997, 163751.899999997, 
25.5, 176.65, 1235.6, 166.35, 1253.25, 1290.55, 119.5, 121.5, 162948.149999997, 163102.899999997, 107773.050000006, 163083.149999997, 162915.899999997, 163278.399999997, 
163694.449999997, 163926.599999997, 163671.949999997, 
6830.55000000003, 276.9, 47468.5500000008, 40781.7500000002, 12430.7999999999, 2423.75, 9059.80000000002, 163534.149999997, 163632.199999997, 125977.350000008, 159752.349999998, 97860.4000000052, 162717.599999997, 163034.899999997, 147629.950000002, 163708.699999997, 163484.149999997, 163759.999999997, 
156.55, 201.8, 163022.649999997, 163176.899999997, 162489.149999997, 
1264.1, 1288.05, 163214.899999997, 163114.149999997, 163060.349999997, 
137.6, 75.5499999999999, 229.2, 164.35, 196.95, 163601.199999997, 38520.6000000001, 164119.399999997, 25242.1999999997, 164121.099999997, 137982.950000006, 1318.25, 20068.3999999998, 163997.649999997, 164006.449999997, 163675.449999997, 
145.75, 198.65, 3435.75000000001, 193.6, 145.5, 5684.80000000002, 39645.4000000001, 164090.899999997, 7852.75000000003, 61721.100000002, 162988.099999997, 163204.099999997, 163389.199999997, 
28795.1499999996, 164792.149999997, 33353.5499999996, 129744.550000008, 129.95, 33155.2499999996, 77022.4000000034, 29713.7499999996, 28534.6499999996, 164710.849999997, 26604.1999999996, 164858.149999997, 83837.700000004, 69053.2000000027, 39765.6000000001, 61462.8000000021, 2416.55, 28809.7499999996, 4675.30000000001, 163432.949999997, 163515.199999997, 163197.199999997, 
15703.0499999999, 20978.9999999998, 163991.449999997, 18762.3499999998, 163913.399999997, 164104.449999997, 121593.450000007, 77854.8000000035, 164583.649999997, 113738.100000007, 164196.899999997, 164086.449999997, 164380.349999997, 

