28.0666666666666, 2308, 121.4, 50735.3999999994, 10212.4666666667, 15792.2000000002, 10149, 1390.13333333333, 2486.6, 14533.7333333335, 7981.06666666665, 150.733333333333, 2459.86666666666, 20095.1333333334, 4662.46666666666, 17983.4666666667, 10248.4666666667, 14688.0666666668, 3549.2, 3638.53333333333, 136148.93333333, 95047.7333333308, 163365.666666675, 109673.73333333, 163189.333333341, 163325.666666675, 163711.333333341, 
61.0666666666667, 13387.8000000001, 54201.5333333328, 10129.4666666667, 6736.53333333332, 28708.7999999997, 25643.6666666666, 35435.1333333329, 57335.2666666662, 7946.33333333332, 165029.333333341, 86767.9999999985, 137640.133333332, 4568.53333333333, 37339.3999999997, 53698.2666666662, 40707.1333333329, 89016.9333333317, 129750.999999996, 163481.066666674, 125111.733333329, 163410.666666674, 16561.4666666668, 18754.8666666667, 114864.066666663, 30595.3999999997, 51371.9999999997, 61200.9333333328, 5601.33333333332, 61167.9999999995, 75257.7999999991, 40240.5333333329, 38328.9999999997, 163173.400000007, 96723.1999999976, 145569.000000001, 67688.9333333328, 153555.46666667, 154771.066666672, 88154.8666666649, 163010.000000007, 28354.5333333331, 55610.7333333329, 80443.3333333321, 162126.133333341, 52332.133333333, 37062.733333333, 30572.933333333, 31670.4666666663, 49158.3333333329, 96941.666666664, 163104.066666674, 27237.3333333331, 21917.9333333333, 163121.933333341, 66715.9333333329, 49214.9999999997, 43513.333333333, 163128.000000008, 70917.2666666658, 128412.466666662, 23044.6666666666, 125398.199999996, 85086.4666666649, 42757.1333333329, 31681.733333333, 163139.73333334, 52467.5999999996, 163176.400000007, 87409.7999999982, 7828.99999999998, 10067.4666666667, 163234.000000008, 32797.3333333329, 1284.2, 23864.8666666666, 27389.7333333331, 11093.6, 50628.6666666663, 115756.199999996, 126188.999999996, 76466.9999999989, 33944.2666666663, 77286.599999999, 163448.933333341, 76300.1333333323, 163637.000000008, 163801.533333341, 164154.933333342, 
56.7333333333334, 31.7333333333333, 200.533333333333, 27314.3333333331, 4553.99999999999, 62030.7333333331, 164252.333333342, 163941.600000008, 164149.266666675, 
173.666666666667, 1290.13333333333, 182.4, 85033.3333333316, 162873.933333341, 50013.733333333, 162790.400000007, 135803.799999997, 120948.199999996, 163187.333333341, 162923.066666674, 72854.9333333324, 106484.599999997, 25029.4666666666, 4505.73333333333, 162789.333333341, 66131.533333333, 162755.666666674, 162894.800000008, 162832.666666674, 
3536.46666666666, 162889.400000008, 162783.066666674, 48041.8666666663, 49935.2666666664, 162688.333333341, 62098.0666666664, 162904.666666674, 163354.333333341, 31695.733333333, 163366.733333341, 54569.133333333, 31723.733333333, 43738.2666666663, 161051.266666674, 6843.59999999999, 130515.066666662, 44963.4666666663, 56630.1999999995, 163152.133333342, 163807.333333342, 145036.066666667, 163631.000000008, 163693.333333341, 162908.666666675, 
26.8, 26.8, 26.8, 26.8, 26.8, 26.8, 26.8, 26.8, 26.8, 26.8, 26.8, 26.8, 26.8, 26.8, 26.8, 26.8, 26.8, 26.8, 26.8, 26.8, 26.8, 26.8, 26.8, 26.8, 26.8, 26.8, 26.8, 26.8, 26.8, 26.8, 26.8, 26.8, 26.8, 26.8, 26.8, 26.8, 26.8, 26.8, 26.8, 26.8, 26.8, 26.8, 26.8, 26.8, 26.8, 26.8, 26.8, 26.8, 26.8, 26.8, 26.8, 26.8, 26.8, 26.8, 26.8, 26.8, 26.8, 26.8, 26.8, 27.4, 26.8, 26.8, 26.8, 26.8, 26.8, 26.8, 26.8, 26.8, 26.8, 26.8, 26.8, 26.8, 26.8, 26.8, 26.8, 26.8, 26.8, 26.8, 26.8, 26.8, 26.8, 26.8, 26.8, 26.8, 26.8, 26.8, 26.8, 26.8, 26.8, 26.8, 26.8, 26.8, 26.8, 26.8, 26.8, 26.8, 26.8, 26.8, 26.8, 26.8, 26.8, 26.8, 26.8, 26.8, 26.8, 26.8, 26.8, 26.8, 26.8, 26.8, 26.8, 26.8, 26.8, 26.8, 26.8, 26.8, 26.8, 26.8, 26.8, 26.8, 26.8, 26.8, 26.8, 26.8, 26.8, 
38.3333333333334, 18843.8666666667, 36449.0666666663, 24291.9999999999, 43054.1333333329, 18911.0000000001, 163426.000000008, 131786.533333328, 162933.466666675, 163207.733333341, 90458.4666666645, 123012.866666662, 163082.133333341, 163119.133333341, 62199.1999999996, 84907.9333333318, 38356.333333333, 31756.6666666663, 65622.7333333329, 163851.666666674, 19956, 13276.6000000001, 6790.46666666665, 54730.1999999995, 37464.9999999997, 19936.7333333334, 24410.9333333333, 25492.6666666665, 83289.7999999984, 1349.53333333333, 68960.7999999992, 147153.866666668, 163643.666666674, 164264.333333342, 164379.333333342, 
58.4000000000001, 2415.66666666666, 162.733333333333, 127.4, 230.466666666667, 7717.13333333331, 28886.9999999998, 164668.333333341, 159925.200000007, 121687.066666663, 60373.7333333329, 41703.0666666663, 38492.3999999996, 28702.5333333331, 10093.8666666667, 160999.666666674, 160694.066666674, 164218.333333342, 164536.000000009, 119462.599999996, 69171.1999999993, 161513.066666674, 163508.933333341, 163382.000000008, 163526.666666675, 
176.733333333333, 55981.133333333, 104019.733333331, 164184.000000008, 163702.000000008, 163675.333333341, 
1274.46666666667, 164010.600000009, 117990.399999996, 27559.5999999998, 156135.066666672, 163190.333333341, 60424.1999999996, 164124.333333341, 85557.1333333318, 32862.1999999996, 126778.133333329, 61148.0666666662, 97425.7333333309, 4704.73333333333, 85390.4666666648, 15664.4666666668, 7980.79999999998, 11264.3333333334, 3530.93333333333, 12318.4000000001, 9128.26666666666, 5763.73333333332, 9015.06666666666, 4561.06666666666, 144.4, 7929.79999999998, 1398.93333333333, 38714.3999999996, 8867.86666666667, 132895.866666663, 163476.666666674, 154164.800000005, 83373.3999999984, 84468.9999999984, 90978.3999999978, 164182.333333341, 15538.8000000002, 25198.0666666665, 164396.000000009, 164024.600000009, 66757.1999999996, 163921.333333342, 164083.000000008, 107165.666666664, 163891.666666675, 163696.933333341, 163728.333333341, 
86.7333333333334, 48.4000000000001, 46.4000000000001, 1231.73333333333, 135.533333333333, 2425.73333333333, 47392.0666666662, 113695.799999997, 4641.13333333333, 35348.0666666664, 22429.8, 20965.7333333333, 163508.000000008, 163202.600000008, 163574.000000008, 
13264.4666666668, 24603.7333333333, 145393.400000001, 164638.933333342, 163833.666666674, 148370.133333335, 37223.3999999996, 64632.7999999997, 164026.333333342, 163812.266666675, 14290.2000000001, 163549.666666675, 163401.666666675, 163512.600000008, 
46.4, 58963.3999999997, 109946.399999996, 163414.333333342, 163052.000000008, 163260.666666675, 
129678.666666662, 163792.333333341, 2482.4, 163902.600000008, 126656.733333328, 163364.000000008, 163755.266666675, 53410.7333333331, 164400.000000008, 163898.933333342, 163772.000000008, 
2525.06666666666, 151.066666666667, 1406.53333333333, 40858.1999999996, 163496.000000008, 141627.533333333, 163617.333333341, 163660.466666674, 163915.333333342, 
237.066666666667, 6813.13333333333, 9145.73333333334, 163530.666666675, 163538.333333341, 163304.333333341, 
26.8, 55.7333333333334, 163850.866666674, 163629.666666674, 163658.333333342, 
53.0666666666667, 185.666666666667, 182.266666666667, 114.733333333333, 114.733333333333, 127330.733333328, 38223.0666666663, 163180.666666675, 222.066666666667, 163955.333333341, 163429.333333341, 163584.000000008, 
46.4, 170.733333333333, 1286.33333333333, 162946.933333341, 152200.400000003, 163759.333333342, 163729.666666675, 163480.000000008, 
13287.4000000001, 39142.8666666662, 24021.3999999999, 163120.000000008, 163105.666666675, 163003.266666675, 
190.333333333333, 1287.4, 111.4, 19962.1333333334, 5836.13333333333, 37609.133333333, 3523.86666666666, 41948.0666666662, 3500.4, 135374.399999996, 163444.933333341, 18741.1333333334, 53737.4666666663, 164220.333333342, 163795.266666675, 164161.000000009, 
1411.93333333333, 132.266666666667, 3574.46666666666, 12470.7333333334, 3593.13333333333, 1374.8, 9038.26666666666, 1369.6, 143118.133333334, 10012.1333333334, 117186.133333329, 164318.000000008, 56916.733333333, 83333.1333333316, 164019.000000008, 85516.4666666648, 8837.53333333333, 75483.5333333322, 164010.933333342, 163813.000000008, 127874.199999995, 163592.000000008, 163832.000000008, 96411.8666666641, 163207.200000008, 163609.666666675, 163045.266666675, 
1273.26666666667, 133302.866666664, 162917.333333342, 164221.000000008, 164016.666666675, 
31.7333333333333, 3420.13333333333, 142.4, 1378.26666666667, 1324.46666666666, 1247.66666666667, 6886.73333333332, 20932.3333333333, 31859.733333333, 84222.3999999983, 140864.666666666, 41643.6666666664, 163175.666666675, 163672.933333341, 164011.333333342, 
52.7333333333334, 108.733333333333, 177.8, 14515.0000000001, 163728.933333342, 93892.1333333311, 19755.8666666667, 14559.3333333335, 164771.600000009, 5773.73333333332, 2413.13333333333, 80566.1333333319, 4605.73333333333, 12318.0666666667, 2447.33333333333, 55031.5333333329, 32114.3999999997, 157853.066666673, 163421.733333342, 163555.000000008, 163595.733333341, 
13329.7333333334, 5732.46666666666, 15701.8666666668, 118876.133333329, 164286.666666675, 163973.000000008, 163867.600000009, 
150, 60.2666666666667, 213.133333333333, 164190.666666675, 58948.3999999997, 164220.666666675, 50424.7999999996, 164001.266666675, 163786.333333341, 163505.000000008, 
26.8, 26.8, 175.866666666667, 168.066666666667, 18957.8000000001, 19926.4000000001, 13514.0666666668, 43321.133333333, 163808.666666675, 110649.466666663, 164048.933333342, 70185.066666666, 163858.000000008, 64704.7333333329, 2411.73333333333, 157437.400000006, 52651.1999999996, 96373.4666666643, 164393.266666675, 164122.666666675, 127020.066666663, 164439.333333341, 164387.333333342, 61272.0666666663, 163608.000000008, 163678.333333342, 164165.333333342, 
35.0666666666667, 6918.73333333332, 164047.333333342, 17904.7333333334, 70477.4666666658, 42064.7999999997, 37536.9999999996, 14490.0666666668, 144.066666666667, 17811.2000000001, 82831.3999999986, 144.066666666667, 4578.86666666666, 11238.5333333334, 16795.4666666668, 4561.73333333333, 163309.733333341, 163294.266666674, 163949.666666675, 
52717.1999999996, 28854.1333333331, 57297.8666666663, 45179.4666666663, 21051.3333333333, 163239.333333341, 163940.666666675, 163220.266666675, 
27.0666666666666, 26.8, 26.8, 26.8, 31.4, 31.4, 26.8, 39.4, 26.8, 26.8, 32.7333333333333, 33.0666666666667, 26.8, 26.8, 26.8, 26.8, 26.8, 26.8, 27.0666666666666, 26.8, 26.8, 26.8, 26.8, 26.8, 26.8, 26.8, 26.8, 26.8, 26.8, 26.8, 26.8, 26.8, 50.4, 26.8, 26.8, 26.8, 26.8, 26.8, 34.0666666666667, 26.8, 26.8, 30.7333333333333, 26.8, 26.8, 26.8, 31.7333333333333, 26.8, 26.8, 26.8, 26.8, 26.8, 26.8, 26.8, 26.8, 27.4, 31.4, 26.8, 32.4, 27.7333333333333, 26.8, 26.8, 26.8, 26.8, 26.8, 26.8, 26.8, 39.7333333333333, 26.8, 26.8, 26.8, 26.8, 26.8, 26.8, 26.8, 26.8, 32.0666666666666, 174.266666666667, 60.0666666666669, 89.7333333333333, 100.733333333333, 174.266666666667, 1263.06666666667, 52.0666666666667, 27.7333333333333, 62.7333333333334, 32.4, 101.4, 2326.06666666667, 37.7333333333334, 1194.4, 32.4, 32.4, 33.4, 1216.06666666667, 4572.06666666667, 26.8, 26.8, 26.8, 26.8, 26.8, 26.8, 26.8, 26.8, 26.8, 26.8, 26.8, 31.0666666666666, 27.0666666666666, 31.0666666666666, 39.4, 26.8, 26.8, 29.7333333333333, 26.8, 28.4, 26.8, 29.0666666666666, 26.8, 26.8, 26.8, 26.8, 28.4, 26.8, 26.8, 26.8, 
27.0666666666666, 27.0666666666666, 100.4, 31.4, 34.7333333333333, 26.8, 26.8, 26.8, 26.8, 26.8, 26.8, 61.0666666666667, 82.4, 26.8, 29.0666666666666, 1330.53333333333, 130.266666666667, 91.3999999999998, 1355.53333333333, 100.4, 109.4, 162.733333333333, 98.4, 94.3999999999998, 215.8, 89.7333333333331, 90.7333333333331, 119.6, 92.3999999999998, 90.3999999999997, 91.3999999999998, 89.7333333333331, 89.7333333333331, 89.7333333333331, 185.466666666667, 90.3999999999997, 90.7333333333331, 108.4, 132.933333333333, 258.133333333333, 89.7333333333331, 90.0666666666664, 93.7333333333332, 1268.4, 89.7333333333331, 1250.73333333333, 255.466666666667, 158.333333333333, 2402.26666666666, 89.7333333333331, 1340.2, 1251.73333333333, 90.7333333333331, 128.066666666667, 95.7333333333332, 147, 90.7333333333331, 102.4, 149.4, 89.7333333333331, 117.4, 138.733333333333, 136.066666666667, 100.066666666667, 97.3999999999999, 1312.4, 114.733333333333, 99.7333333333333, 98.7333333333333, 184.066666666667, 1321.73333333333, 117.4, 99.4, 92.3999999999998, 92.3999999999998, 96.3999999999999, 90.3999999999997, 164.866666666667, 105.733333333333, 1307.4, 89.7333333333331, 213.666666666667, 1320, 2440.46666666666, 95.7333333333332, 1268.06666666667, 1306.4, 94.0666666666665, 123.466666666667, 99.4, 154.733333333333, 90.3999999999997, 94.3999999999998, 91.0666666666664, 1292.66666666667, 176.066666666667, 95.3999999999999, 94.3999999999998, 1277.46666666667, 92.3999999999998, 184.066666666667, 112.8, 96.3999999999999, 91.0666666666664, 149.4, 117.4, 134.133333333333, 1267.4, 179.6, 100.733333333333, 160.066666666667, 162.733333333333, 106, 98.7333333333333, 1291.33333333333, 136.066666666667, 91.0666666666664, 117.4, 120.8, 128.066666666667, 90.3999999999997, 117.4, 144.066666666667, 176.066666666667, 89.7333333333331, 
38.4, 31.4, 26.8, 26.8, 28.4, 26.8, 26.8, 26.8, 26.8, 32.4, 26.8, 26.8, 26.8, 32.4, 39.4, 1221.06666666666, 146.733333333333, 1283.13333333333, 1234.06666666667, 1233.73333333333, 1265.06666666667, 1251.73333333333, 28.0666666666666, 33.0666666666666, 26.8, 31.4, 26.8, 46.0666666666667, 26.8, 26.8, 26.8, 36.0666666666667, 27.4, 29.7333333333333, 67.4, 26.8, 26.8, 26.8, 26.8, 26.8, 26.8, 26.8, 28.7333333333333, 27.0666666666666, 26.8, 29.0666666666666, 37.4, 30.7333333333333, 26.8, 32.4, 26.8, 27.0666666666666, 37.4, 27.0666666666666, 26.8, 27.0666666666666, 26.8, 26.8, 26.8, 26.8, 26.8, 30.7333333333333, 83.8, 26.8, 26.8, 28.0666666666666, 26.8, 26.8, 26.8, 26.8, 26.8, 26.8, 26.8, 26.8, 26.8, 26.8, 27.7333333333333, 38.0666666666667, 31.7333333333333, 26.8, 26.8, 26.8, 26.8, 33.4, 28.4, 26.8, 30.0666666666666, 26.8, 26.8, 26.8, 26.8, 28.7333333333333, 26.8, 26.8, 27.4, 27.7333333333333, 37.0666666666667, 27.0666666666666, 26.8, 26.8, 26.8, 26.8, 28.0666666666666, 26.8, 26.8, 26.8, 26.8, 26.8, 26.8, 38.7333333333334, 30.0666666666666, 26.8, 28.7333333333333, 118.066666666667, 104.733333333333, 47.4000000000002, 46.4000000000002, 135.666666666667, 46.4000000000002, 40.4000000000002, 92.7333333333333, 46.4000000000002, 48.7333333333335, 74.8666666666667, 39.7333333333335, 
29.0666666666666, 26.8, 26.8, 26.8, 26.8, 26.8, 26.8, 26.8, 27.4, 26.8, 34.0666666666667, 26.8, 26.8, 26.8, 46.7333333333334, 26.8, 31.7333333333333, 28.4, 26.8, 26.8, 27.0666666666666, 42.8, 26.8, 26.8, 26.8, 36.4, 26.8, 26.8, 26.8, 30.0666666666666, 26.8, 27.0666666666666, 26.8, 29.4, 26.8, 26.8, 26.8, 26.8, 26.8, 26.8, 26.8, 46.7333333333334, 26.8, 27.4, 26.8, 26.8, 26.8, 26.8, 26.8, 26.8, 26.8, 26.8, 26.8, 26.8, 26.8, 26.8, 26.8, 27.0666666666666, 32.4, 26.8, 36.4, 26.8, 26.8, 26.8, 26.8, 27.0666666666666, 26.8, 28.0666666666666, 26.8, 26.8, 26.8, 39.4, 26.8, 26.8, 50.4, 26.8, 26.8, 26.8, 26.8, 28.7333333333333, 48.4, 32.0666666666666, 39.0666666666667, 26.8, 26.8, 28.0666666666666, 26.8, 26.8, 26.8, 27.7333333333333, 26.8, 28.7333333333333, 26.8, 27.0666666666666, 26.8, 26.8, 1277.73333333333, 141.4, 91.0666666666664, 1291.73333333333, 92.3999999999997, 99.3999999999999, 92.3999999999997, 113.8, 131.466666666667, 98.7333333333332, 2377.73333333333, 204.933333333333, 1303.73333333333, 98.7333333333332, 1302.66666666667, 89.7333333333331, 179.6, 91.0666666666664, 165.4, 92.3999999999997, 93.3999999999998, 148.2, 102.066666666667, 100.066666666667, 100.066666666667, 142.133333333333, 92.3999999999997, 2472.86666666666, 1281.73333333333, 
26.8, 26.8, 26.8, 26.8, 26.8, 26.8, 28.4, 26.8, 26.8, 26.8, 26.8, 33.0666666666667, 28.0666666666666, 56.4666666666667, 67.8666666666667, 34.4, 97.4, 103.4, 2433, 59.7333333333335, 222.8, 59.7333333333335, 82.0666666666667, 135.4, 59.7333333333335, 81.4, 1252.4, 61.0666666666669, 59.0000000000002, 224.8, 127.4, 82.0666666666667, 191.8, 1218.26666666667, 29.7333333333333, 97.0666666666666, 26.8, 26.8, 26.8, 113.733333333333, 1238.06666666667, 62.7333333333334, 51.7333333333335, 1272.06666666667, 62.0666666666667, 1306, 1263.13333333333, 137.4, 137.4, 221.8, 129.4, 134.733333333333, 148.733333333333, 137.066666666666, 142.733333333333, 1289.73333333333, 131.4, 1395.8, 148.733333333333, 137.066666666666, 135.066666666666, 132.4, 129.733333333333, 156.733333333333, 130.066666666666, 156.733333333333, 130.066666666666, 162.066666666666, 162.066666666666, 170.066666666666, 139.733333333333, 194.8, 130.733333333333, 208.133333333333, 146.066666666666, 131.4, 216.866666666667, 222.2, 133.066666666666, 135.733333333333, 183.4, 130.066666666666, 137.733333333333, 230.2, 134.4, 129.066666666666, 1299.4, 227.533333333333, 129.066666666666, 137.733333333333, 131.066666666666, 2498.8, 130.066666666666, 159.4, 230.2, 140.066666666666, 1375.93333333333, 137.066666666666, 259.8, 132.066666666666, 1317.73333333333, 130.733333333333, 134.4, 134.733333333333, 135.4, 219.533333333333, 148.733333333333, 129.066666666666, 136.733333333333, 129.066666666666, 205.466666666667, 202.8, 134.4, 1310.06666666667, 148.733333333333, 129.066666666666, 130.066666666666, 151.4, 148.733333333333, 135.066666666666, 189.466666666666, 1390.73333333333, 135.4, 153.733333333333, 133.733333333333, 
26.8, 26.8, 34.4, 27.4, 39.4, 28.0666666666666, 26.8, 26.8, 26.8, 26.8, 26.8, 26.8, 26.8, 26.8, 30.7333333333333, 87.7333333333333, 28.0666666666666, 26.8, 26.8, 28.7333333333333, 26.8, 27.0666666666666, 26.8, 27.7333333333333, 26.8, 26.8, 26.8, 26.8, 26.8, 44.0666666666667, 33.4, 26.8, 26.8, 29.0666666666666, 26.8, 118.4, 40.0666666666668, 79.1333333333334, 1262.06666666666, 73.8000000000001, 40.0666666666668, 31.4, 123.733333333333, 38.4000000000001, 1259.6, 34.7333333333334, 45.7333333333334, 44.7333333333334, 101.2, 123.733333333333, 172, 40.7333333333334, 1262.73333333333, 1260.93333333333, 43.7333333333334, 1208.73333333333, 42.7333333333334, 63.1333333333334, 35.4, 40.0666666666668, 123.733333333333, 41.0666666666668, 1249.4, 34.0666666666667, 97.0666666666667, 57.0666666666667, 1294.33333333333, 1233.06666666667, 113.066666666667, 40.0666666666668, 93.5333333333333, 40.0666666666668, 57.0666666666667, 115.733333333333, 35.4, 41.4000000000001, 39.7333333333334, 2345.4, 1201.4, 90.5333333333333, 1155.73333333333, 40.7333333333334, 43.0666666666668, 44.0666666666667, 1204.06666666666, 65.8000000000001, 57.0666666666667, 120.733333333333, 94.4, 38.7333333333334, 1208.73333333333, 30.0666666666666, 1255.73333333333, 41.0666666666667, 53.4000000000001, 34.0666666666667, 74.4, 44.4000000000001, 2373.13333333333, 1217.4, 168.133333333333, 54.0666666666667, 45.7333333333334, 2349.73333333333, 168.133333333333, 1237.06666666666, 1235.4, 2253.06666666666, 31.7333333333333, 39.4000000000001, 38.7333333333334, 2342.4, 1254.06666666666, 54.0666666666667, 2343.73333333333, 38.7333333333334, 1255.73333333333, 38.7333333333334, 1258.8, 44.4000000000001, 41.4000000000001, 41.0666666666667, 41.4000000000001, 113.066666666667, 180.133333333333, 
27.0666666666666, 26.8, 29.7333333333333, 62.0666666666667, 26.8, 26.8, 31.4, 31.7333333333333, 1217.06666666666, 26.8, 27.7333333333333, 26.8, 26.8, 28.0666666666666, 50.4, 28.0666666666666, 26.8, 26.8, 26.8, 51.0666666666667, 29.4, 1220.06666666666, 26.8, 26.8, 26.8, 34.0666666666667, 29.0666666666666, 26.8, 26.8, 31.4, 26.8, 26.8, 26.8, 28.0666666666666, 26.8, 26.8, 26.8, 28.0666666666666, 27.7333333333333, 26.8, 26.8, 27.4, 26.8, 26.8, 26.8, 26.8, 32.7333333333333, 28.0666666666666, 26.8, 26.8, 26.8, 26.8, 26.8, 28.4, 32.0666666666666, 49.8, 55.4666666666667, 26.8, 26.8, 29.7333333333333, 69.0666666666667, 28.7333333333333, 28.0666666666666, 31.7333333333333, 26.8, 26.8, 26.8, 26.8, 26.8, 26.8, 26.8, 34.0666666666667, 26.8, 26.8, 42.0666666666667, 26.8, 26.8, 26.8, 26.8, 26.8, 26.8, 27.0666666666666, 26.8, 32.7333333333333, 26.8, 26.8, 26.8, 26.8, 27.0666666666666, 26.8, 26.8, 26.8, 27.7333333333333, 26.8, 26.8, 26.8, 26.8, 26.8, 26.8, 26.8, 26.8, 26.8, 26.8, 26.8, 26.8, 26.8, 26.8, 27.7333333333333, 26.8, 27.0666666666666, 26.8, 26.8, 26.8, 26.8, 28.0666666666666, 26.8, 26.8, 26.8, 26.8, 26.8, 26.8, 26.8, 26.8, 27.0666666666666, 26.8, 
28.7333333333333, 26.8, 26.8, 26.8, 26.8, 26.8, 26.8, 26.8, 26.8, 38.0666666666667, 69.7333333333334, 227.533333333333, 67.7333333333334, 68.0666666666667, 68.0666666666667, 67.7333333333334, 69.7333333333334, 182.2, 2321.79999999999, 67.7333333333334, 67.7333333333334, 2281.06666666666, 146.8, 68.0666666666667, 1236.06666666666, 3485.86666666666, 44.0666666666668, 44.4000000000001, 112.2, 1214.46666666666, 41.0666666666668, 1302.06666666667, 104.866666666667, 1203.13333333333, 1301.93333333333, 47.4000000000001, 41.7333333333334, 1293.26666666667, 1307.33333333333, 41.0666666666668, 1153.73333333333, 147.666666666667, 44.7333333333334, 1198.73333333333, 63.4, 41.0666666666668, 43.7333333333334, 41.0666666666668, 35.4, 1215.06666666666, 88.1333333333333, 41.0666666666668, 1286.06666666666, 50.7333333333334, 98.0666666666666, 74.8, 42.4000000000001, 1256.73333333333, 40.7333333333334, 47.7333333333334, 122.066666666667, 77.4666666666667, 114.066666666667, 102.2, 41.0666666666668, 1259.06666666667, 41.0666666666668, 118.866666666667, 1247.06666666666, 1250.4, 96.8666666666667, 124.4, 2305.06666666667, 1229.73333333333, 26.8, 1249.73333333333, 31.7333333333333, 31.7333333333333, 67.4, 31.7333333333333, 67.4, 26.8, 39.4, 26.8, 26.8, 26.8, 26.8, 27.0666666666666, 27.0666666666666, 26.8, 26.8, 26.8, 26.8, 26.8, 31.7333333333333, 26.8, 29.0666666666666, 26.8, 26.8, 26.8, 30.7333333333333, 43.4, 53.0666666666667, 30.7333333333333, 26.8, 26.8, 26.8, 28.0666666666666, 26.8, 26.8, 26.8, 26.8, 26.8, 26.8, 26.8, 26.8, 35.4, 36.7333333333334, 32.4, 26.8, 26.8, 26.8, 44.0666666666667, 26.8, 33.7333333333333, 
26.8, 26.8, 27.0666666666666, 26.8, 38.7333333333333, 27.0666666666666, 31.0666666666666, 26.8, 27.0666666666666, 26.8, 32.7333333333333, 26.8, 33.7333333333333, 26.8, 26.8, 26.8, 26.8, 29.7333333333333, 48.4, 64.4000000000001, 27.7333333333333, 34.7333333333333, 31.4, 31.4, 33.0666666666666, 80.4, 37.7333333333334, 1213.4, 31.4, 32.7333333333333, 83.0666666666667, 26.8, 27.0666666666666, 26.8, 26.8, 127.2, 31.4, 26.8, 26.8, 26.8, 26.8, 31.7333333333333, 28.0666666666666, 26.8, 32.4, 48.0666666666667, 26.8, 26.8, 26.8, 26.8, 26.8, 31.7333333333333, 26.8, 26.8, 26.8, 26.8, 26.8, 26.8, 26.8, 143.733333333333, 140.733333333333, 155.4, 135.733333333333, 137.4, 146.4, 135.733333333333, 137.4, 1304.4, 204.066666666666, 1299.06666666667, 138.4, 135.733333333333, 174.8, 155.4, 136.733333333333, 135.733333333333, 141.066666666667, 147.066666666666, 1411.86666666666, 1392.13333333333, 155.4, 135.733333333333, 262.933333333333, 1372.13333333333, 215.533333333333, 136.066666666667, 155.4, 137.4, 3584.46666666666, 160.733333333333, 182.066666666666, 1337.06666666667, 231.533333333333, 1217.4, 228.866666666667, 1306.66666666666, 1231.06666666667, 139.066666666667, 1353.73333333333, 150.066666666666, 1318.73333333333, 2364.4, 145.733333333333, 172.733333333333, 129.066666666666, 156.733333333333, 132.066666666666, 218.333333333333, 175.4, 218.333333333333, 137.733333333333, 135.666666666667, 132.066666666666, 139.066666666666, 2408.8, 129.066666666666, 147.4, 135.4, 129.066666666666, 212.266666666667, 148.733333333333, 260.4, 175.4, 148.066666666666, 162.466666666666, 
26.8, 26.8, 26.8, 26.8, 26.8, 27.0666666666666, 26.8, 26.8, 26.8, 26.8, 26.8, 33.0666666666667, 26.8, 31.7333333333333, 28.7333333333333, 26.8, 26.8, 26.8, 26.8, 31.0666666666666, 27.0666666666666, 29.4, 31.4, 26.8, 26.8, 26.8, 26.8, 26.8, 26.8, 26.8, 26.8, 26.8, 26.8, 26.8, 26.8, 26.8, 26.8, 26.8, 26.8, 26.8, 97.733333333333, 204.466666666667, 1264.06666666667, 204.466666666667, 155, 1313.2, 1266.4, 146.733333333333, 160.333333333333, 1297.73333333333, 204.466666666667, 119.066666666667, 105.4, 97.733333333333, 217.8, 1289.73333333333, 1258.4, 104.066666666667, 108.4, 96.7333333333331, 125.066666666667, 133.066666666667, 1266.26666666666, 1280.2, 75.0666666666667, 2379.73333333333, 1258.73333333333, 53.7333333333335, 72.1333333333334, 1250.4, 55.0666666666668, 163.4, 87.0666666666667, 116.733333333333, 84.4, 61.7333333333334, 2300.73333333333, 1268.06666666667, 162.4, 51.7333333333335, 51.7333333333335, 51.7333333333335, 85.4666666666667, 61.4000000000001, 91.5333333333333, 73.0666666666667, 91.5333333333333, 1229.73333333333, 98.0666666666667, 1223.4, 62.4000000000001, 51.7333333333335, 51.7333333333335, 1304.66666666666, 162.4, 56.4000000000001, 72.1333333333334, 119.4, 52.0666666666669, 2365.4, 51.7333333333335, 52.0666666666669, 91.5333333333333, 1232.06666666667, 51.7333333333335, 51.7333333333335, 52.0666666666669, 55.0666666666668, 72.1333333333334, 2343.4, 61.4000000000001, 1220.4, 140.733333333333, 52.7333333333335, 72.1333333333334, 2387.4, 56.7333333333335, 51.7333333333335, 124.733333333333, 79.0666666666667, 51.7333333333335, 51.7333333333335, 1366.13333333333, 52.7333333333335, 52.7333333333335, 
26.8, 30.0666666666666, 26.8, 26.8, 26.8, 26.8, 26.8, 29.0666666666666, 26.8, 26.8, 26.8, 26.8, 26.8, 26.8, 26.8, 26.8, 26.8, 26.8, 26.8, 26.8, 26.8, 26.8, 27.4, 26.8, 27.0666666666666, 26.8, 49.4, 26.8, 26.8, 26.8, 26.8, 26.8, 42.0666666666667, 27.0666666666666, 26.8, 26.8, 27.4, 26.8, 27.0666666666666, 26.8, 26.8, 26.8, 1192.73333333333, 1208.4, 26.8, 26.8, 26.8, 30.0666666666666, 26.8, 26.8, 33.0666666666667, 26.8, 28.0666666666666, 26.8, 26.8, 27.0666666666666, 26.8, 26.8, 26.8, 26.8, 26.8, 26.8, 26.8, 26.8, 27.0666666666666, 26.8, 31.0666666666666, 27.4, 26.8, 26.8, 26.8, 26.8, 26.8, 26.8, 26.8, 26.8, 32.0666666666666, 36.0666666666667, 26.8, 28.7333333333333, 26.8, 26.8, 26.8, 27.0666666666666, 39.4, 31.4, 26.8, 34.0666666666667, 26.8, 26.8, 26.8, 26.8, 26.8, 26.8, 26.8, 33.0666666666667, 26.8, 37.4, 45.0666666666667, 78.7333333333334, 26.8, 26.8, 31.7333333333333, 26.8, 26.8, 26.8, 26.8, 26.8, 32.4, 26.8, 26.8, 27.0666666666666, 42.4, 27.0666666666666, 90.2, 33.0666666666666, 31.4, 83.5333333333334, 80.8666666666667, 39.7333333333334, 100.733333333333, 1175.06666666666, 27.0666666666666, 35.7333333333333, 29.7333333333333, 
26.8, 26.8, 26.8, 29.0666666666666, 26.8, 26.8, 26.8, 113.8, 28.4, 30.7333333333333, 26.8, 26.8, 26.8, 29.0666666666666, 27.0666666666666, 27.4, 26.8, 26.8, 31.7333333333333, 26.8, 26.8, 27.0666666666666, 26.8, 32.4, 26.8, 26.8, 26.8, 34.7333333333333, 36.7333333333333, 34.0666666666666, 1314.53333333333, 1234.06666666666, 43.0666666666667, 34.0666666666666, 1229.4, 71.2, 64.4, 135.333333333333, 26.8, 28.4, 26.8, 26.8, 26.8, 26.8, 26.8, 26.8, 26.8, 26.8, 26.8, 26.8, 26.8, 27.0666666666666, 47.7333333333334, 28.0666666666666, 26.8, 26.8, 29.0666666666666, 26.8, 30.7333333333333, 31.4, 26.8, 26.8, 31.0666666666666, 31.0666666666666, 26.8, 32.0666666666666, 1203.4, 31.4, 32.0666666666666, 33.7333333333333, 36.7333333333333, 51.0666666666667, 26.8, 26.8, 26.8, 26.8, 28.7333333333333, 26.8, 31.7333333333333, 26.8, 27.0666666666666, 26.8, 26.8, 26.8, 26.8, 35.0666666666667, 29.0666666666666, 26.8, 26.8, 26.8, 31.4, 26.8, 26.8, 34.0666666666667, 26.8, 26.8, 26.8, 26.8, 28.7333333333333, 26.8, 26.8, 42.7333333333334, 26.8, 26.8, 26.8, 29.4, 31.4, 31.4, 35.7333333333333, 38.0666666666667, 51.0666666666667, 26.8, 26.8, 26.8, 26.8, 27.0666666666666, 26.8, 26.8, 29.0666666666666, 26.8, 26.8, 27.4, 28.0666666666666, 33.7333333333333, 28.0666666666666, 
26.8, 26.8, 26.8, 36.0666666666667, 26.8, 26.8, 26.8, 40.0666666666668, 40.7333333333334, 115.933333333333, 65.8000000000001, 1245.4, 46.0666666666667, 1262.73333333333, 31.7333333333333, 121.2, 34.0666666666667, 1202.73333333333, 31.0666666666667, 1279.4, 33.4, 40.0666666666668, 1223.73333333333, 34.0666666666667, 84.4666666666667, 113.066666666667, 1265.4, 1293.06666666667, 1201.06666666667, 1206.06666666667, 1262.4, 105.733333333333, 102.4, 90.0666666666664, 171.133333333333, 133.4, 98.4, 246.266666666667, 1306.4, 89.7333333333331, 92.7333333333331, 90.0666666666664, 91.0666666666664, 89.7333333333331, 99.0666666666666, 96.7333333333332, 96.0666666666666, 114.733333333333, 1283.06666666667, 90.0666666666664, 96.7333333333332, 246.266666666667, 92.7333333333331, 99.7333333333333, 125.4, 108.4, 89.7333333333331, 147.466666666667, 90.0666666666664, 92.7333333333331, 139.466666666667, 1268.4, 1295.06666666666, 89.7333333333331, 93.3333333333332, 97.0666666666666, 90.3999999999997, 1287.73333333333, 1271.06666666667, 1384.8, 90.3999999999997, 96.7333333333332, 103.4, 91.0666666666664, 92.3999999999998, 176.066666666667, 89.7333333333331, 89.7333333333331, 108.733333333333, 95.7333333333332, 92.3999999999998, 144.066666666667, 90.3999999999997, 179.6, 100.4, 96.7333333333332, 89.7333333333331, 131.466666666667, 92.3999999999998, 157.4, 98.0666666666666, 99.0666666666666, 181.4, 140.2, 149.4, 173.4, 1265.06666666666, 123.466666666667, 1281.4, 90.3999999999997, 176.066666666667, 1316.86666666667, 3582.86666666666, 100.733333333333, 94.7333333333332, 2413.4, 1316.86666666667, 89.7333333333331, 100.066666666667, 179.6, 157.4, 170.866666666667, 1290.73333333333, 100.066666666667, 95.7333333333332, 1327.73333333333, 92.3999999999998, 89.7333333333331, 92.0666666666665, 164.866666666667, 1308.4, 154.733333333333, 128.066666666667, 1279.73333333333, 91.0666666666664, 
26.8, 26.8, 26.8, 27.0666666666666, 35.4, 26.8, 35.0666666666667, 26.8, 39.0666666666667, 26.8, 34.0666666666667, 27.0666666666666, 26.8, 26.8, 26.8, 26.8, 26.8, 26.8, 26.8, 26.8, 26.8, 36.7333333333334, 26.8, 26.8, 33.0666666666667, 31.4, 33.0666666666667, 28.0666666666666, 26.8, 26.8, 35.4, 26.8, 44.0666666666667, 26.8, 26.8, 27.0666666666666, 26.8, 37.7333333333334, 37.4, 1221.73333333333, 26.8, 26.8, 26.8, 26.8, 44.4000000000002, 49.4000000000002, 61.0666666666667, 1255.13333333333, 31.7333333333333, 44.4, 34.7333333333333, 26.8, 26.8, 26.8, 26.8, 26.8, 26.8, 26.8, 30.7333333333333, 28.0666666666666, 26.8, 26.8, 40.4, 27.0666666666666, 26.8, 26.8, 26.8, 30.0666666666666, 28.7333333333333, 29.0666666666666, 26.8, 26.8, 26.8, 98.7333333333331, 99.3999999999997, 187.666666666667, 211.666666666667, 193, 99.3999999999997, 198.333333333333, 1288.73333333333, 98.3999999999997, 178.933333333333, 1292.06666666667, 109.066666666667, 102.733333333333, 128.733333333333, 98.3999999999997, 107.333333333333, 1309.26666666667, 103.733333333333, 101.4, 114.4, 107.733333333333, 109.066666666667, 100.066666666666, 118.066666666667, 148.066666666667, 147.8, 104.066666666667, 109.066666666667, 98.3999999999997, 109.066666666667, 104.733333333333, 134.066666666667, 2331.4, 1319.8, 123.4, 104.733333333333, 102.733333333333, 236.4, 173.6, 1337.73333333333, 170.8, 132.733333333333, 194.8, 2436.4, 138.733333333333, 1325.8, 170.066666666666, 162.066666666666, 2398.46666666666, 134.066666666666, 129.4, 191.666666666666, 
26.8, 40.0666666666667, 26.8, 26.8, 26.8, 26.8, 42.0666666666667, 82.0666666666667, 102.933333333333, 47.0666666666669, 44.4000000000002, 102.933333333333, 1245.26666666667, 1254.4, 47.4000000000002, 1288.4, 1198.4, 98.8666666666667, 2282.06666666667, 1222.06666666666, 42.7333333333334, 147.666666666667, 35.4, 1271.06666666667, 74.8, 154.733333333333, 138.733333333333, 1338.06666666667, 120.066666666666, 1287.06666666667, 1314.06666666667, 1362.86666666666, 126.066666666667, 164.733333333333, 121.066666666666, 180.266666666666, 1277.4, 175.4, 124.733333333333, 228.333333333333, 248.4, 1293.4, 118.733333333333, 123.733333333333, 257.8, 1315.73333333333, 115.733333333333, 1344.06666666667, 232.8, 1307.4, 126.066666666667, 159.4, 132.4, 129.066666666666, 1365.06666666667, 132.733333333333, 139.733333333333, 1323.06666666667, 133.4, 3585.4, 148.733333333333, 130.066666666666, 219.533333333333, 138.733333333333, 134.733333333333, 233.733333333333, 140.066666666666, 129.733333333333, 1342.06666666666, 130.066666666666, 139.733333333333, 129.066666666666, 129.4, 132.733333333333, 140.066666666666, 1307.4, 164.733333333333, 186.333333333333, 1344.4, 137.733333333333, 222.2, 148.733333333333, 172.733333333333, 139.733333333333, 170.066666666666, 138.066666666666, 140.066666666666, 4649.73333333332, 1305.06666666667, 1318.06666666666, 138.066666666666, 1386.4, 141.733333333333, 135.066666666666, 159.4, 129.066666666666, 191.666666666666, 162.066666666666, 139.733333333333, 138.4, 156.733333333333, 139.733333333333, 130.066666666666, 129.066666666666, 134.4, 129.733333333333, 137.066666666666, 162.066666666666, 129.733333333333, 1182.06666666666, 1210.73333333333, 1260.93333333333, 36.4, 1212.73333333333, 34.0666666666666, 40.7333333333334, 1216.4, 1262.93333333333, 207.333333333333, 51.0666666666669, 61.7333333333334, 92.7333333333333, 56.7333333333335, 137.6, 51.3333333333335, 
26.8, 27.7333333333333, 28.0666666666666, 26.8, 26.8, 26.8, 27.7333333333333, 26.8, 26.8, 32.4, 48.4, 26.8, 26.8, 26.8, 26.8, 26.8, 27.0666666666666, 46.7333333333334, 37.0666666666667, 26.8, 26.8, 26.8, 29.4, 26.8, 26.8, 26.8, 27.0666666666666, 1203.4, 31.4, 31.4, 31.4, 26.8, 26.8, 100.4, 100.4, 102.066666666667, 1273.73333333333, 108.733333333333, 109.4, 100.066666666667, 89.7333333333331, 172.2, 101.4, 98.4, 108.733333333333, 99.0666666666666, 90.0666666666664, 89.7333333333331, 192.866666666667, 240.933333333333, 89.7333333333331, 2379.86666666666, 96.7333333333332, 98.4, 99.7333333333333, 90.0666666666664, 2385.4, 97.3999999999999, 133.4, 89.7333333333331, 98.4, 90.0666666666664, 92.7333333333331, 133.4, 97.3999999999999, 1297.06666666667, 1199.06666666667, 1225.06666666667, 56.4, 69.7333333333334, 1196.06666666666, 53.7333333333334, 34.0666666666666, 1285.4, 36.7333333333333, 34.0666666666666, 1204.4, 32.4, 1255.73333333333, 141.8, 2330.39999999999, 37.0666666666667, 36.4, 34.0666666666666, 1246.06666666666, 26.8, 67.0666666666667, 28.4, 41.0666666666667, 40.0666666666667, 56.4, 34.0666666666666, 34.0666666666666, 26.8, 26.8, 26.8, 26.8, 26.8, 26.8, 27.0666666666666, 29.7333333333333, 26.8, 26.8, 26.8, 26.8, 26.8, 26.8, 28.7333333333333, 26.8, 26.8, 26.8, 1316.4, 42.4000000000001, 1307.06666666666, 33.0666666666666, 41.0666666666667, 35.4, 35.4, 56.4, 1276.73333333333, 76.5333333333334, 34.0666666666666, 33.0666666666666, 40.4, 1214.06666666667, 
26.8, 26.8, 26.8, 26.8, 26.8, 26.8, 27.0666666666666, 26.8, 121.066666666667, 31.4, 31.4, 26.8, 26.8, 26.8, 27.0666666666666, 30.4, 32.7333333333333, 33.0666666666666, 26.8, 26.8, 26.8, 26.8, 28.7333333333333, 26.8, 27.0666666666666, 26.8, 26.8, 26.8, 26.8, 27.0666666666666, 26.8, 26.8, 26.8, 26.8, 1246.06666666667, 51.7333333333335, 74.0666666666667, 59.0666666666668, 54.4000000000002, 76.7333333333334, 1260.4, 101.466666666667, 52.4000000000002, 1264.06666666666, 56.0666666666668, 2367.6, 126.133333333333, 52.4000000000002, 84.7333333333334, 112.133333333333, 51.7333333333335, 1237.06666666667, 111.4, 126.133333333333, 61.0666666666667, 84.7333333333334, 95.4, 57.0666666666668, 51.7333333333335, 64.4000000000001, 51.7333333333335, 51.7333333333335, 1244.66666666667, 112.133333333333, 67.7333333333334, 1253.73333333333, 51.7333333333335, 51.7333333333335, 1178.73333333333, 139.8, 61.0666666666667, 108.733333333333, 61.0666666666667, 108.733333333333, 51.7333333333335, 51.7333333333335, 68.7333333333334, 112.133333333333, 59.0666666666668, 1317.26666666666, 112.133333333333, 50.0666666666669, 54.0666666666668, 51.7333333333335, 112.133333333333, 51.7333333333335, 117.466666666667, 59.4000000000001, 139.8, 1255.73333333333, 1184.73333333333, 52.7333333333335, 87.4, 132.866666666667, 52.4000000000002, 52.7333333333335, 60.4000000000001, 51.7333333333335, 101.466666666667, 98.8, 2279.46666666666, 161.866666666667, 51.7333333333335, 51.7333333333335, 62.0666666666667, 1339.33333333333, 95.4, 53.0666666666669, 146.2, 61.4000000000001, 87.4, 108.733333333333, 1213.73333333333, 1245.13333333333, 83.4, 1240.73333333333, 51.7333333333335, 53.0666666666669, 74.0666666666667, 76.7333333333334, 95.4, 90.0666666666667, 82.0666666666667, 2434.06666666666, 79.4, 
26.8, 46.7333333333334, 27.0666666666666, 26.8, 45.4, 27.0666666666666, 26.8, 26.8, 26.8, 26.8, 26.8, 26.8, 26.8, 26.8, 32.7333333333333, 26.8, 26.8, 31.7333333333333, 26.8, 26.8, 31.4, 26.8, 26.8, 27.0666666666666, 27.0666666666666, 26.8, 26.8, 26.8, 26.8, 26.8, 26.8, 26.8, 26.8, 29.7333333333333, 44.7333333333334, 26.8, 27.4, 26.8, 26.8, 26.8, 26.8, 26.8, 26.8, 26.8, 26.8, 26.8, 26.8, 26.8, 26.8, 26.8, 26.8, 26.8, 28.4, 26.8, 26.8, 26.8, 26.8, 27.0666666666666, 26.8, 27.0666666666666, 26.8, 31.7333333333333, 27.7333333333333, 26.8, 26.8, 30.7333333333333, 26.8, 26.8, 26.8, 26.8, 26.8, 32.4, 26.8, 26.8, 26.8, 26.8, 26.8, 27.7333333333333, 27.0666666666666, 27.0666666666666, 93.7333333333333, 26.8, 26.8, 26.8, 26.8, 26.8, 26.8, 1249.8, 26.8, 26.8, 26.8, 34.4, 26.8, 26.8, 26.8, 32.7333333333333, 27.0666666666666, 26.8, 26.8, 26.8, 26.8, 27.0666666666666, 31.4, 83.0666666666667, 26.8, 26.8, 26.8, 26.8, 26.8, 26.8, 26.8, 26.8, 26.8, 31.0666666666666, 26.8, 26.8, 26.8, 26.8, 26.8, 28.4, 26.8, 41.0666666666667, 53.7333333333334, 26.8, 28.0666666666666, 
26.8, 26.8, 30.4, 26.8, 34.0666666666667, 26.8, 32.7333333333333, 26.8, 46.7333333333334, 1241.06666666666, 38.7333333333334, 1206.06666666666, 38.0666666666667, 37.7333333333334, 33.0666666666666, 91.4, 38.7333333333334, 68.7333333333334, 36.0666666666667, 1258.4, 113.4, 171.066666666667, 47.4, 82.0666666666667, 27.0666666666666, 30.4, 138.733333333333, 33.0666666666666, 33.7333333333333, 33.0666666666666, 26.8, 33.0666666666666, 197.733333333333, 1208.4, 28.0666666666666, 79.4, 35.4, 33.0666666666666, 37.4, 35.4, 164.4, 36.0666666666667, 1245.06666666666, 36.0666666666667, 79.4, 34.0666666666667, 33.0666666666666, 96.7333333333333, 147.066666666667, 26.8, 26.8, 26.8, 26.8, 26.8, 26.8, 26.8, 26.8, 28.4, 26.8, 26.8, 94.4, 26.8, 26.8, 26.8, 34.4, 26.8, 26.8, 35.0666666666667, 26.8, 26.8, 26.8, 26.8, 26.8, 26.8, 29.0666666666666, 26.8, 26.8, 26.8, 27.4, 26.8, 29.0666666666666, 31.7333333333333, 26.8, 26.8, 26.8, 26.8, 26.8, 26.8, 38.4, 26.8, 26.8, 26.8, 44.0666666666667, 26.8, 33.0666666666667, 26.8, 26.8, 26.8, 32.4, 26.8, 35.7333333333333, 26.8, 32.7333333333333, 26.8, 26.8, 30.7333333333333, 26.8, 27.0666666666666, 27.0666666666666, 26.8, 26.8, 26.8, 26.8, 26.8, 26.8, 28.0666666666666, 46.7333333333334, 26.8, 26.8, 26.8, 28.4, 26.8, 26.8, 26.8, 26.8, 
26.8, 27.0666666666666, 26.8, 26.8, 26.8, 26.8, 26.8, 26.8, 26.8, 26.8, 26.8, 26.8, 26.8, 26.8, 26.8, 26.8, 27.0666666666666, 27.0666666666666, 26.8, 26.8, 26.8, 27.0666666666666, 26.8, 26.8, 26.8, 26.8, 26.8, 26.8, 26.8, 26.8, 26.8, 26.8, 26.8, 26.8, 26.8, 26.8, 26.8, 26.8, 33.7333333333333, 31.7333333333333, 83.0666666666667, 31.4, 44.4, 47.0666666666667, 32.4, 26.8, 29.0666666666666, 26.8, 26.8, 62.8, 26.8, 26.8, 26.8, 26.8, 57.4, 52.0666666666667, 34.0666666666667, 32.4, 1201.06666666666, 1245.93333333333, 52.0666666666667, 37.4, 52.0666666666667, 32.4, 38.7333333333334, 125.866666666667, 26.8, 26.8, 27.7333333333333, 94.4, 31.7333333333333, 36.0666666666667, 26.8, 26.8, 26.8, 28.0666666666666, 26.8, 27.0666666666666, 26.8, 27.7333333333333, 26.8, 31.7333333333333, 26.8, 26.8, 26.8, 26.8, 26.8, 26.8, 26.8, 26.8, 29.0666666666666, 44.7333333333334, 28.7333333333333, 26.8, 29.7333333333333, 26.8, 26.8, 26.8, 26.8, 26.8, 27.0666666666666, 26.8, 26.8, 26.8, 26.8, 26.8, 26.8, 26.8, 26.8, 26.8, 26.8, 26.8, 26.8, 26.8, 26.8, 26.8, 26.8, 26.8, 26.8, 26.8, 27.4, 26.8, 26.8, 26.8, 28.7333333333333, 

