28.0666666666666, 2308, 121.4, 50735.3999999994, 10212.4666666667, 15792.2000000002, 10149, 1390.13333333333, 2486.6, 14533.7333333335, 7981.06666666665, 150.733333333333, 2459.86666666666, 20095.1333333334, 4662.46666666666, 17983.4666666667, 10248.4666666667, 14688.0666666668, 3549.2, 3638.53333333333, 136148.93333333, 95047.7333333308, 163365.666666675, 109673.73333333, 163189.333333341, 163325.666666675, 163711.333333341, 
61.0666666666667, 13387.8000000001, 54201.5333333328, 10129.4666666667, 6736.53333333332, 28708.7999999997, 25643.6666666666, 35435.1333333329, 57335.2666666662, 7946.33333333332, 165029.333333341, 86767.9999999985, 137640.133333332, 4568.53333333333, 37339.3999999997, 53698.2666666662, 40707.1333333329, 89016.9333333317, 129750.999999996, 163481.066666674, 125111.733333329, 163410.666666674, 16561.4666666668, 18754.8666666667, 114864.066666663, 30595.3999999997, 51371.9999999997, 61200.9333333328, 5601.33333333332, 61167.9999999995, 75257.7999999991, 40240.5333333329, 38328.9999999997, 163173.400000007, 96723.1999999976, 145569.000000001, 67688.9333333328, 153555.46666667, 154771.066666672, 88154.8666666649, 163010.000000007, 28354.5333333331, 55610.7333333329, 80443.3333333321, 162126.133333341, 52332.133333333, 37062.733333333, 30572.933333333, 31670.4666666663, 49158.3333333329, 96941.666666664, 163104.066666674, 27237.3333333331, 21917.9333333333, 163121.933333341, 66715.9333333329, 49214.9999999997, 43513.333333333, 163128.000000008, 70917.2666666658, 128412.466666662, 23044.6666666666, 125398.199999996, 85086.4666666649, 42757.1333333329, 31681.733333333, 163139.73333334, 52467.5999999996, 163176.400000007, 87409.7999999982, 7828.99999999998, 10067.4666666667, 163234.000000008, 32797.3333333329, 1284.2, 23864.8666666666, 27389.7333333331, 11093.6, 50628.6666666663, 115756.199999996, 126188.999999996, 76466.9999999989, 33944.2666666663, 77286.599999999, 163448.933333341, 76300.1333333323, 163637.000000008, 163801.533333341, 164154.933333342, 
56.7333333333334, 31.7333333333333, 200.533333333333, 27314.3333333331, 4553.99999999999, 62030.7333333331, 164252.333333342, 163941.600000008, 164149.266666675, 
173.666666666667, 1290.13333333333, 182.4, 85033.3333333316, 162873.933333341, 50013.733333333, 162790.400000007, 135803.799999997, 120948.199999996, 163187.333333341, 162923.066666674, 72854.9333333324, 106484.599999997, 25029.4666666666, 4505.73333333333, 162789.333333341, 66131.533333333, 162755.666666674, 162894.800000008, 162832.666666674, 
3536.46666666666, 162889.400000008, 162783.066666674, 48041.8666666663, 49935.2666666664, 162688.333333341, 62098.0666666664, 162904.666666674, 163354.333333341, 31695.733333333, 163366.733333341, 54569.133333333, 31723.733333333, 43738.2666666663, 161051.266666674, 6843.59999999999, 130515.066666662, 44963.4666666663, 56630.1999999995, 163152.133333342, 163807.333333342, 145036.066666667, 163631.000000008, 163693.333333341, 162908.666666675, 
26.8, 26.8, 26.8, 26.8, 26.8, 26.8, 26.8, 26.8, 26.8, 26.8, 26.8, 26.8, 26.8, 26.8, 26.8, 26.8, 26.8, 26.8, 26.8, 26.8, 26.8, 26.8, 26.8, 26.8, 26.8, 26.8, 26.8, 26.8, 26.8, 26.8, 26.8, 26.8, 26.8, 26.8, 26.8, 26.8, 26.8, 26.8, 26.8, 26.8, 26.8, 26.8, 26.8, 26.8, 26.8, 26.8, 26.8, 26.8, 26.8, 26.8, 26.8, 26.8, 26.8, 26.8, 26.8, 26.8, 26.8, 26.8, 26.8, 27.4, 26.8, 26.8, 26.8, 26.8, 26.8, 26.8, 26.8, 26.8, 26.8, 26.8, 26.8, 26.8, 26.8, 26.8, 26.8, 26.8, 26.8, 26.8, 26.8, 26.8, 26.8, 26.8, 26.8, 26.8, 26.8, 26.8, 26.8, 26.8, 26.8, 26.8, 26.8, 26.8, 26.8, 26.8, 26.8, 26.8, 26.8, 26.8, 26.8, 26.8, 26.8, 26.8, 26.8, 26.8, 26.8, 26.8, 26.8, 26.8, 26.8, 26.8, 26.8, 26.8, 26.8, 26.8, 26.8, 26.8, 26.8, 26.8, 26.8, 26.8, 26.8, 26.8, 26.8, 26.8, 26.8, 
38.3333333333334, 18843.8666666667, 36449.0666666663, 24291.9999999999, 43054.1333333329, 18911.0000000001, 163426.000000008, 131786.533333328, 162933.466666675, 163207.733333341, 90458.4666666645, 123012.866666662, 163082.133333341, 163119.133333341, 62199.1999999996, 84907.9333333318, 38356.333333333, 31756.6666666663, 65622.7333333329, 163851.666666674, 19956, 13276.6000000001, 6790.46666666665, 54730.1999999995, 37464.9999999997, 19936.7333333334, 24410.9333333333, 25492.6666666665, 83289.7999999984, 1349.53333333333, 68960.7999999992, 147153.866666668, 163643.666666674, 164264.333333342, 164379.333333342, 
58.4000000000001, 2415.66666666666, 162.733333333333, 127.4, 230.466666666667, 7717.13333333331, 28886.9999999998, 164668.333333341, 159925.200000007, 121687.066666663, 60373.7333333329, 41703.0666666663, 38492.3999999996, 28702.5333333331, 10093.8666666667, 160999.666666674, 160694.066666674, 164218.333333342, 164536.000000009, 119462.599999996, 69171.1999999993, 161513.066666674, 163508.933333341, 163382.000000008, 163526.666666675, 
176.733333333333, 55981.133333333, 104019.733333331, 164184.000000008, 163702.000000008, 163675.333333341, 
1274.46666666667, 164010.600000009, 117990.399999996, 27559.5999999998, 156135.066666672, 163190.333333341, 60424.1999999996, 164124.333333341, 85557.1333333318, 32862.1999999996, 126778.133333329, 61148.0666666662, 97425.7333333309, 4704.73333333333, 85390.4666666648, 15664.4666666668, 7980.79999999998, 11264.3333333334, 3530.93333333333, 12318.4000000001, 9128.26666666666, 5763.73333333332, 9015.06666666666, 4561.06666666666, 144.4, 7929.79999999998, 1398.93333333333, 38714.3999999996, 8867.86666666667, 132895.866666663, 163476.666666674, 154164.800000005, 83373.3999999984, 84468.9999999984, 90978.3999999978, 164182.333333341, 15538.8000000002, 25198.0666666665, 164396.000000009, 164024.600000009, 66757.1999999996, 163921.333333342, 164083.000000008, 107165.666666664, 163891.666666675, 163696.933333341, 163728.333333341, 
86.7333333333334, 48.4000000000001, 46.4000000000001, 1231.73333333333, 135.533333333333, 2425.73333333333, 47392.0666666662, 113695.799999997, 4641.13333333333, 35348.0666666664, 22429.8, 20965.7333333333, 163508.000000008, 163202.600000008, 163574.000000008, 
13264.4666666668, 24603.7333333333, 145393.400000001, 164638.933333342, 163833.666666674, 148370.133333335, 37223.3999999996, 64632.7999999997, 164026.333333342, 163812.266666675, 14290.2000000001, 163549.666666675, 163401.666666675, 163512.600000008, 
46.4, 58963.3999999997, 109946.399999996, 163414.333333342, 163052.000000008, 163260.666666675, 
129678.666666662, 163792.333333341, 2482.4, 163902.600000008, 126656.733333328, 163364.000000008, 163755.266666675, 53410.7333333331, 164400.000000008, 163898.933333342, 163772.000000008, 
2525.06666666666, 151.066666666667, 1406.53333333333, 40858.1999999996, 163496.000000008, 141627.533333333, 163617.333333341, 163660.466666674, 163915.333333342, 
237.066666666667, 6813.13333333333, 9145.73333333334, 163530.666666675, 163538.333333341, 163304.333333341, 
26.8, 55.7333333333334, 163850.866666674, 163629.666666674, 163658.333333342, 
53.0666666666667, 185.666666666667, 182.266666666667, 114.733333333333, 114.733333333333, 127330.733333328, 38223.0666666663, 163180.666666675, 222.066666666667, 163955.333333341, 163429.333333341, 163584.000000008, 
46.4, 170.733333333333, 1286.33333333333, 162946.933333341, 152200.400000003, 163759.333333342, 163729.666666675, 163480.000000008, 
13287.4000000001, 39142.8666666662, 24021.3999999999, 163120.000000008, 163105.666666675, 163003.266666675, 
190.333333333333, 1287.4, 111.4, 19962.1333333334, 5836.13333333333, 37609.133333333, 3523.86666666666, 41948.0666666662, 3500.4, 135374.399999996, 163444.933333341, 18741.1333333334, 53737.4666666663, 164220.333333342, 163795.266666675, 164161.000000009, 
1411.93333333333, 132.266666666667, 3574.46666666666, 12470.7333333334, 3593.13333333333, 1374.8, 9038.26666666666, 1369.6, 143118.133333334, 10012.1333333334, 117186.133333329, 164318.000000008, 56916.733333333, 83333.1333333316, 164019.000000008, 85516.4666666648, 8837.53333333333, 75483.5333333322, 164010.933333342, 163813.000000008, 127874.199999995, 163592.000000008, 163832.000000008, 96411.8666666641, 163207.200000008, 163609.666666675, 163045.266666675, 
1273.26666666667, 133302.866666664, 162917.333333342, 164221.000000008, 164016.666666675, 
31.7333333333333, 3420.13333333333, 142.4, 1378.26666666667, 1324.46666666666, 1247.66666666667, 6886.73333333332, 20932.3333333333, 31859.733333333, 84222.3999999983, 140864.666666666, 41643.6666666664, 163175.666666675, 163672.933333341, 164011.333333342, 
52.7333333333334, 108.733333333333, 177.8, 14515.0000000001, 163728.933333342, 93892.1333333311, 19755.8666666667, 14559.3333333335, 164771.600000009, 5773.73333333332, 2413.13333333333, 80566.1333333319, 4605.73333333333, 12318.0666666667, 2447.33333333333, 55031.5333333329, 32114.3999999997, 157853.066666673, 163421.733333342, 163555.000000008, 163595.733333341, 
13329.7333333334, 5732.46666666666, 15701.8666666668, 118876.133333329, 164286.666666675, 163973.000000008, 163867.600000009, 
150, 60.2666666666667, 213.133333333333, 164190.666666675, 58948.3999999997, 164220.666666675, 50424.7999999996, 164001.266666675, 163786.333333341, 163505.000000008, 
26.8, 26.8, 175.866666666667, 168.066666666667, 18957.8000000001, 19926.4000000001, 13514.0666666668, 43321.133333333, 163808.666666675, 110649.466666663, 164048.933333342, 70185.066666666, 163858.000000008, 64704.7333333329, 2411.73333333333, 157437.400000006, 52651.1999999996, 96373.4666666643, 164393.266666675, 164122.666666675, 127020.066666663, 164439.333333341, 164387.333333342, 61272.0666666663, 163608.000000008, 163678.333333342, 164165.333333342, 
35.0666666666667, 6918.73333333332, 164047.333333342, 17904.7333333334, 70477.4666666658, 42064.7999999997, 37536.9999999996, 14490.0666666668, 144.066666666667, 17811.2000000001, 82831.3999999986, 144.066666666667, 4578.86666666666, 11238.5333333334, 16795.4666666668, 4561.73333333333, 163309.733333341, 163294.266666674, 163949.666666675, 
52717.1999999996, 28854.1333333331, 57297.8666666663, 45179.4666666663, 21051.3333333333, 163239.333333341, 163940.666666675, 163220.266666675, 

