116.45, 25.5, 25.5, 25.5, 166.55, 157.9, 162.5, 3347.15000000001, 1345.3, 2419.9, 3486.15000000001, 214.5, 269.35, 7919.85000000003, 4580.25000000002, 17844.4999999998, 152233.500000001, 163269.399999997, 164178.199999997, 153304.85, 91487.4000000046, 50385.5000000011, 131552.150000008, 164113.949999997, 162837.949999997, 164179.699999997, 
25.5, 25.5, 126.65, 93.1999999999999, 1202.9, 3398.25000000001, 189.75, 16295.9999999999, 6590.65000000003, 63857.6000000022, 14226.2499999999, 22655.8999999997, 4439.90000000002, 6634.35000000003, 5447.50000000002, 2395.95, 218.3, 164578.599999997, 164562.649999997, 164428.699999997, 
121.75, 145.25, 122.25, 181.75, 135.5, 126.5, 216.5, 214.5, 211, 149.5, 152, 144, 175.75, 135, 135, 144.5, 138.25, 227.5, 232.5, 134.75, 138.5, 154, 173.25, 151.5, 154, 211.25, 149.5, 210.5, 178.75, 135.25, 136, 190, 214, 232.850000000001, 201.25, 188, 219.75, 211.75, 232, 187.75, 1149.15, 208.9, 164.3, 203.05, 13229.0499999999, 72153.800000003, 11120.2, 63323.8000000022, 163688.949999997, 86.6999999999998, 58458.1500000018, 164078.649999997, 163851.949999997, 163909.699999997, 
25.5, 25.5, 96.4999999999998, 174.5, 2327.05, 210.65, 205.2, 175, 1228.15, 186.5, 164317.099999997, 164226.449999997, 164322.899999997, 
25.5, 34.4, 125, 126.75, 115, 159.25, 201, 204.5, 196.75, 237.5, 237, 143.5, 243.75, 148.5, 2303.05, 2319.3, 15429.6499999999, 4531.20000000002, 156.55, 2300.95, 1257.2, 2307.45, 1209.35, 3398.25000000001, 139.25, 3382.80000000001, 2308.4, 1208.85, 5597.65000000002, 1179.25, 3399.10000000001, 1168.7, 167.1, 1212.75, 3388.75000000001, 4446.70000000002, 4449.50000000002, 5599.60000000002, 3404.70000000001, 7733.95000000003, 8848.40000000001, 192.7, 199.7, 62756.7000000021, 26401.1999999996, 130974.750000008, 21010.6499999998, 164988.449999997, 23273.4499999997, 165269.699999996, 79216.9500000036, 66386.4000000025, 162909.199999997, 163038.099999997, 162803.649999997, 
53.9999999999999, 63.7499999999999, 65.9999999999999, 92.2499999999999, 58.4999999999999, 175.5, 112.75, 179.5, 138.75, 128, 124, 123.5, 144.25, 123.25, 180.25, 123.75, 180.25, 186, 150, 188.5, 164.5, 132.25, 145.25, 185, 151.5, 170, 150.75, 183, 150.75, 166.5, 131.75, 189.3, 183.25, 154.75, 148, 180.25, 187.5, 133.25, 183.5, 180, 132, 188.3, 189, 131, 169.75, 133.25, 135.5, 148.5, 135.5, 186.5, 138.25, 131.75, 131, 133, 160.25, 151, 189.5, 175.25, 188.25, 192.75, 170, 156.75, 151.25, 131.5, 135, 166.5, 137.5, 180.5, 150.25, 188.5, 183, 151.25, 182, 188.25, 137.5, 145.25, 187.25, 135.25, 140.5, 177, 132.25, 137.75, 161.75, 131.5, 188, 153, 157, 133, 154.75, 131.5, 132, 152.5, 190, 166.5, 131.5, 177.75, 145, 131.25, 150, 170, 140.25, 162, 170, 150.25, 188.5, 160.25, 143, 133.25, 160.25, 186.25, 148.5, 159.25, 186, 135.75, 182.5, 181.25, 166.5, 140.25, 188.5, 175.25, 132, 131.75, 151, 132.25, 189.3, 
50.35, 113.75, 142.05, 1162.9, 180, 2327.05, 152.5, 2291.25, 140.5, 164670.099999997, 77.8499999999999, 128835.000000008, 164877.649999997, 137094.650000006, 164655.449999997, 164899.149999997, 164755.199999997, 
82.9999999999999, 141.5, 125.5, 131.75, 123, 125, 141.75, 140.75, 217.25, 201.25, 159.25, 133.75, 133.75, 155.75, 210.75, 212.5, 159.25, 133, 199.5, 132.25, 135, 134.25, 191, 215, 208, 133, 135.25, 198.5, 133, 176.25, 163.75, 133.75, 209, 207.5, 172.25, 208.3, 133, 132.5, 131.5, 176.5, 133.5, 135, 208, 212, 201.75, 213.6, 138.75, 214.25, 134.75, 196.35, 143.25, 151.2, 210.25, 133.25, 196, 180.25, 217.25, 216.75, 200, 134.5, 163, 176.5, 133.25, 147.75, 133, 133.25, 180.25, 202.25, 201, 161.5, 134, 147.75, 131, 131.75, 209.25, 210.75, 194.15, 156, 147.75, 204.25, 133, 143.75, 156.95, 204.5, 132.25, 211.75, 164.75, 205.85, 196.5, 150.95, 203.75, 139, 175, 135.45, 158.5, 204.5, 156.5, 214.55, 135.25, 183.25, 197.5, 208.75, 157, 191.5, 132, 132, 132.5, 207.25, 148.25, 130.45, 177.45, 157.2, 192.2, 144.45, 207.95, 169.2, 188.2, 201.05, 129.95, 203.45, 144.2, 134.95, 173.2, 129.7, 152.7, 
25.5, 25.5, 39.95, 75.7499999999999, 64.1999999999999, 9058.10000000002, 31130.6999999995, 4613.10000000001, 15612.8999999999, 11024.95, 3449.10000000001, 4579.40000000002, 12297, 36415.5499999999, 5732.20000000002, 15559.1999999999, 88071.2500000043, 22090.0499999997, 36504.7999999999, 6777.65000000003, 17648.1499999998, 3494.95000000001, 24301.8999999997, 25402.3499999997, 26493.9999999996, 164777.249999997, 164848.199999997, 64614.3000000023, 20998.7499999998, 164272.299999997, 86558.0500000042, 22124.6499999997, 164457.449999997, 118137.400000007, 83132.5000000039, 164581.049999997, 164635.549999997, 163740.849999997, 
11873.1499999999, 15070.1499999999, 8658.20000000002, 2254.6, 2260.95, 6558.50000000003, 3364.50000000001, 7615.85000000003, 1113.5, 7581.75000000003, 6524.25000000003, 1155.1, 150.7, 5479.25000000002, 25947.8499999996, 3356.35000000001, 4352.95000000002, 2153, 128.25, 1267.25, 7668.65000000003, 20611.0999999998, 1159.6, 4328.60000000001, 2308.45, 9689.19999999999, 1214.9, 3279.20000000001, 10859.2, 1130.65, 1161.6, 5430.85000000002, 3329.60000000001, 110.85, 3337.50000000001, 6551.40000000003, 2200.35, 77.4, 3351.95000000001, 3257.50000000001, 8658.75000000002, 4440.10000000002, 1132.4, 2219.65, 6526.75000000003, 6613.75000000003, 10963.85, 3555.65000000001, 17668.4999999998, 6817.40000000003, 1309.95, 2428.05, 1330.85, 42589.9500000004, 163749.449999997, 30616.7499999995, 163806.649999997, 164723.599999997, 164874.699999997, 
1151.65, 1167.7, 136, 139.75, 139.75, 166.25, 227, 280.100000000001, 285.450000000001, 203.5, 147.25, 146, 153.75, 258.5, 282.400000000001, 145, 185, 258.6, 214.15, 214.15, 185.25, 212.6, 187, 1267.45, 197, 3494.70000000001, 206, 190, 15496.9499999999, 13209.1499999999, 14400.5499999999, 164366.699999997, 164580.599999997, 7760.65000000003, 129.7, 17571.4999999998, 35031.6499999997, 93193.7000000048, 70703.3500000029, 162354.799999997, 18580.1999999998, 73816.1500000031, 6857.30000000003, 162326.949999997, 6635.10000000003, 39068.9, 162511.599999997, 162490.699999997, 48304.9000000009, 163290.299999997, 90285.4500000047, 92666.8000000048, 163550.949999997, 105749.250000006, 54507.0000000014, 163245.199999997, 163881.899999997, 98274.2500000053, 62230.5000000022, 163034.949999997, 44672.1000000005, 163106.449999997, 163683.449999997, 163586.399999997, 
83.2499999999998, 109.5, 108.75, 175.25, 135.25, 138, 131.25, 150, 150.25, 158.25, 135, 152.5, 178.25, 158, 150.25, 152.5, 132.25, 178, 135.25, 147.75, 150, 175.5, 132.25, 150.25, 153.25, 150, 131, 132, 160.25, 172.75, 180.75, 148, 180, 156.25, 175.25, 140.25, 132.25, 138, 152.5, 159.75, 153, 173.75, 140.5, 158.75, 175.5, 175.75, 153, 131.75, 159, 175.5, 155.75, 145.5, 181.5, 155.25, 150.25, 184.75, 177.5, 162.5, 177.05, 148, 179.75, 152.5, 178.5, 179.75, 185, 155.75, 140.5, 180.75, 177, 137.75, 147.5, 181, 135.75, 156.5, 138, 182.75, 135.5, 133.25, 181, 174.5, 182.5, 182, 155.75, 143, 143, 160, 152.95, 167.5, 136, 133, 179.75, 156.25, 154.5, 133, 135.5, 150.75, 138.25, 153, 151, 133.75, 179.25, 180.5, 151.75, 146, 143.25, 135.5, 133.5, 133.25, 179.75, 157, 133.25, 133.25, 138.5, 133.75, 133, 148.25, 186.5, 145.75, 177.75, 180.25, 180.25, 155.5, 156.5, 133, 135.25, 
25.5, 25.5, 25.5, 25.5, 25.5, 25.5, 113.25, 103, 130.5, 132.25, 1172.45, 158, 2428.65, 4505.50000000002, 1299.95, 1286.45, 262.9, 9982.99999999999, 11190.55, 2380.95, 3475.35000000001, 14390.9999999999, 3445.55000000001, 8989.20000000002, 7832.70000000003, 164173.449999997, 163988.299999997, 163929.949999997, 
25.5, 25.5, 25.5, 25.5, 25.5, 118, 102.75, 92.4999999999998, 161, 166.25, 145, 177, 144.75, 124.75, 123.25, 123.25, 138.5, 188.5, 183.5, 187.75, 188.75, 165, 127.75, 123, 186.25, 167.25, 125, 132.25, 137.75, 153.5, 145.5, 133, 148.75, 186.25, 185.5, 131.5, 150.5, 135.25, 161.25, 153.75, 195.5, 185.25, 197.25, 140.25, 148.75, 153.5, 140, 170.25, 157.25, 137.75, 131.5, 140.5, 131.5, 190.75, 165.75, 145.5, 196.5, 137.75, 145.25, 132.25, 138, 155.75, 140, 183.25, 193.75, 193.75, 131.75, 183.25, 189.5, 156, 154, 156.75, 187.75, 132.25, 145.25, 131.25, 194, 140, 131.75, 130.75, 192.25, 187.25, 132, 149, 145, 133.25, 170, 131, 199, 175.25, 140.5, 196, 189, 145.5, 191.25, 161.25, 132, 182, 189.25, 159.5, 159.5, 188.75, 132.25, 159.5, 191.75, 132.25, 190.75, 145, 134, 196.75, 188, 140, 183.25, 133.25, 191, 155.75, 133, 152.25, 150.5, 193.75, 197.25, 193.75, 151.25, 191.75, 150, 
123.75, 209, 216.15, 2359.3, 94839.3500000049, 9981.05, 165438.399999996, 164840.949999997, 165007.199999997, 
1078.15, 180, 212.35, 139, 131.25, 178.25, 197.5, 166, 142.75, 215.35, 131, 131.75, 170.5, 163.25, 159, 157.75, 131, 163, 215.3, 131.5, 215.25, 143.5, 149, 220.05, 201.75, 202, 137, 136.75, 154.5, 138.5, 216.25, 138.5, 155.25, 179.75, 205.75, 162.75, 139.5, 139.5, 176.75, 162.75, 132, 131, 131, 204.5, 179.25, 189, 158, 199.25, 133.75, 154.25, 206.25, 200, 131.25, 131.5, 162.75, 133, 137, 149.75, 221.25, 158, 131.25, 139.75, 149, 215.3, 158.5, 204.5, 176.25, 199.25, 216.5, 208, 157.25, 148.5, 210.75, 215.25, 139.5, 206, 163, 212.75, 148.5, 157.25, 201.75, 206.25, 157, 217.8, 150.25, 133.25, 204.5, 131.25, 132, 203, 135.5, 138.5, 160, 1157.45, 142.75, 179.5, 132.25, 132.5, 203, 148.5, 143.25, 131.75, 157.75, 203.5, 162.75, 142.25, 139, 185.75, 211.15, 132.25, 201.5, 132.25, 142.75, 131, 213.65, 209.75, 176.75, 217.75, 214, 151.25, 133.5, 151.5, 131.5, 210, 206.5, 
25.5, 25.5, 63.2499999999999, 61.2499999999999, 131.25, 98.6499999999999, 128.75, 124, 169.75, 162.75, 114.75, 120, 113, 114.5, 128.75, 117.75, 176, 126.75, 183, 130.5, 174.5, 132.75, 140.5, 127, 126, 177, 143, 151, 145.5, 174.75, 176, 147.5, 145, 186.5, 170.75, 182, 127.75, 178.25, 127, 180.5, 176, 126.25, 174.75, 150.75, 126, 182.75, 154, 133, 168, 134.75, 168, 178.75, 133.75, 168.2, 184, 142.5, 185.25, 158.75, 156, 133.75, 135.5, 168.25, 185.75, 150.25, 156.75, 133.25, 133.75, 135.25, 133, 140, 183.25, 133, 192.75, 153.5, 133.5, 168.75, 145.25, 135.25, 137.75, 155.75, 133.25, 150.5, 145.25, 179, 187, 140.25, 134, 178.25, 133.25, 188.75, 148, 153.25, 138, 143, 145.25, 185.25, 147.75, 178.25, 137.75, 132.75, 155.75, 132.5, 176.5, 185.55, 176.55, 180.95, 166.75, 140, 180.75, 183.5, 161.5, 159.5, 140.5, 150.5, 180.5, 138, 132, 132.75, 164.5, 154.25, 132.5, 159.25, 180.25, 185.55, 159.25, 
181.55, 204.65, 3412.90000000001, 7829.45000000003, 164408.199999997, 164793.449999997, 165008.649999997, 
64.2499999999999, 85.2499999999999, 69.9999999999999, 100.75, 117.75, 125, 150.25, 140.5, 176.5, 179.5, 183.25, 185.5, 184.5, 172.75, 131.25, 182, 131, 163.5, 183, 132, 184.75, 179.5, 180, 156, 150, 183.25, 158.75, 158.75, 183, 155, 132.25, 180.25, 132.25, 155.5, 187.5, 184.5, 159, 150.25, 153.5, 184.7, 182.25, 182.25, 160.75, 131.5, 162.25, 182.25, 153.5, 132.25, 188.25, 163.75, 140.5, 153.75, 178, 179.5, 150.5, 185.5, 179, 137.75, 175, 163.75, 140.5, 140.25, 135.5, 132.5, 155, 155, 131, 156, 183.25, 135, 140, 135, 178, 132.5, 131.25, 182.75, 160.75, 153.75, 182.5, 137.5, 183, 138, 137.75, 155, 150.5, 135.25, 183, 178.5, 150.25, 187, 156, 150.25, 155.75, 131.75, 140.25, 180.5, 135.25, 183.5, 177, 137.5, 132.5, 132.5, 177, 177.75, 150, 135.5, 163.5, 133, 177.25, 131.5, 182.5, 166.5, 184.75, 150.5, 177.75, 131, 131.5, 132.5, 177, 176, 175.5, 175.25, 145.25, 133, 177.25, 
25.5, 25.5, 25.5, 25.5, 25.5, 25.5, 25.5, 25.5, 2177.4, 1086.15, 1113.65, 1094.9, 1100.15, 27.0000000000001, 1291.9, 223.55, 148.5, 1299.9, 243.3, 3506.30000000001, 1305.65, 185.9, 193.95, 185.25, 183.85, 1206.15, 3422.10000000001, 164676.649999997, 164790.449999997, 164525.399999997, 

